4.420334018e-64
4.472760942e-34
4.251582515e-34
1.193078734e-33
7.931284332e-34
0.0008240592942
1.574098823e-33
0.0005486403707
7.183575517e-34
0.0004200432678
0.0007036660538
0.001833195099
1.960926592e-33
0.001105107053
1.2449666e-33
0.00147133621
0.001067632155
0.002195885656
2.351819698e-33
0.002975159854
0.002386628219
0.001391872839
0.0008125739063
1.564051152e-33
2.719046647e-33
0.002204299477
0.002009189246
0.003180577776
0.001517974327
0.004746916384
0.003562244035
0.002706350906
0.005009592646
0.001101157854
1.957285363e-33
0.002381749086
0.001784083555
3.089744508e-33
0.003257323967
0.004763000439
0.003357530994
0.006021192728
0.004538428195
0.00635832143
0.001390043549
2.349775147e-33
0.003556010291
0.002704182685
0.003479877621
0.005436557871
3.394522091e-33
0.002098471636
3.856749514e-33
4.136973262e-33
0.007330803171
0.005009890315
0.00666687557
0.00659741538
0.007935135951
0.007427779948
0.001516861322
2.66647671e-33
0.00533114047
0.004485975233
4.479480921e-33
4.806645722e-33
0.007160149333
0.005564746403
0.004002178017
0.002128796888
0.002430481208
0.008780128214
0.008461031795
0.006959572451
0.008217053732
0.01110566376
0.00943122386
0.008973321049
0.003308209269
3.147688207e-33
0.001802111445
0.006604754137
0.005434497832
0.008226997833
5.112678917e-33
0.002637554493
0.002752760643
0.009230791644
0.007669426433
0.006206231935
0.004574142406
0.004983756016
0.01111236968
0.009715524429
0.01278529825
0.01262704723
0.01016882149
0.01178670021
0.01079241154
0.003938865886
3.445839065e-33
0.00212759082
0.007162125906
0.005801709443
0.009600964638
0.01063579392
0.01214154061
5.412717308e-33
0.002875141772
0.00524903467
0.005490214563
0.01021924987
0.008779743925
0.007031316513
0.007481512742
0.01212164054
0.01262414855
0.01448478359
0.01366465305
0.01435172629
0.01269893714
0.004153399073
3.807570392e-33
0.002218621662
0.006427191715
0.00798043618
0.01167427924
0.01260839539
0.01390699735
5.692309128e-33
5.958660972e-33
0.002853244579
0.005594335296
0.007836812712
0.008034588311
0.01079658575
0.009438828486
0.009913324851
0.01576350653
0.01472793339
0.01530446616
0.01622908306
0.01530404175
0.01590792984
0.004581684265
0.007045858104
4.14870458e-33
0.002434699406
0.01043977543
0.01319588782
0.01487761927
0.01588289633
0.01659552411
6.210053942e-33
0.003068134474
0.003211318972
0.005907492417
0.008331816769
0.01798323043
0.01062282241
0.01021853942
0.01341046372
0.01214374348
0.01633110264
0.0176177777
0.01802186103
0.01803692882
0.01860535491
0.01865885073
0.009182869568
0.004987890142
0.007297040102
4.482850159e-33
0.00263854963
0.01459869653
0.01168974967
0.0186196542
0.01606187707
0.01933387292
6.441049861e-33
0.003165844459
0.006339109118
0.006196405393
0.008945673078
0.01084981165
0.01999793891
0.02087912995
0.01298685124
0.01489386859
0.01653960147
0.01885330336
0.01907794715
0.0208038619
0.02076999328
0.02145331697
0.02054258704
0.0226034144
0.02087520267
0.009906429842
0.01675575882
0.005129469977
0.007837510098
4.80738027e-33
0.002694490304
0.0151198307
0.01215101405
0.01999911983
0.01884002371
0.02220128819
6.656720667e-33
0.003336516288
0.00648069776
0.009423350658
0.009045733562
0.01398353459
0.01183319884
6.851599685e-33
0.02201931224
0.02337803403
0.02350581996
0.01609705713
0.01755627797
0.02339314329
0.02144620149
0.02067286869
7.028234167e-33
0.02365691189
0.02461830602
0.02445607671
0.02282728122
0.02200903403
0.01021891723
0.01740247667
0.005601861365
0.008512013236
5.11403651e-33
0.002930412443
0.01567948098
0.01322685825
0.0209212144
0.01957368615
0.02504916383
0.003278554884
0.006485308362
0.009457429667
0.01222668591
0.01456523935
0.01894026973
0.01686361215
0.003420770979
0.02649576687
0.02563773666
0.02619509488
0.02914521047
0.0207816841
0.02285353345
0.02542984167
0.0271554687
0.0242688893
0.003395730901
7.182699968e-33
0.02652449419
0.02739263551
0.02435298183
0.02338842865
0.01107745453
0.02699027445
0.01796644023
0.005595941648
0.008504500299
5.407659929e-33
0.003093380203
0.01397536727
0.02264610951
0.02108365679
0.02733359638
0.006679323226
0.009761800098
0.02213259927
0.01246813191
0.01511339656
0.01755113428
0.01975969283
0.006649762352
0.006795166351
0.02941312835
0.03108203963
0.0298184017
0.02393315666
0.02548224787
0.0296556553
0.02822781778
7.619664393e-33
7.608658821e-33
7.573668157e-33
7.509259955e-33
0.003463369744
7.427055182e-33
7.318138621e-33
0.02941382396
0.02914566498
0.02641555256
0.02678531365
0.01166365883
0.02933146178
0.01805289311
0.005906975487
0.008946784325
5.691693572e-33
0.003067548815
0.0211906928
0.01611957481
0.02547990226
0.02392335556
0.02846289183
0.009747591649
0.02442232229
0.01267711136
0.02249325051
0.01542683663
0.01771514725
0.02002527185
0.009981961965
0.006915577163
0.01017895036
0.03228787572
0.03133408838
0.02715838136
0.03313244633
0.0327665048
0.03213305927
0.0282498621
0.02955082709
0.03060287556
0.003373605598
7.603077138e-33
0.003278710492
7.555498835e-33
0.003541345347
0.003463181438
0.003515728424
0.00351937886
0.006930811048
0.03109097909
0.0341515344
0.03156622412
0.02759903896
0.02883477473
0.01163040091
0.01462907479
0.03083022158
0.01929532097
0.00619596617
0.009044747582
5.956557791e-33
0.003209982176
0.02212633221
0.01716438606
0.02612423978
0.02532650639
0.03125384588
0.01283956224
0.02532758076
0.01565040088
0.02327482482
0.01827532294
0.02100483288
0.01329368094
0.01023380738
0.01392449818
0.03610862118
0.03419462666
0.02810961205
0.0298384515
0.03488122608
0.03436264917
0.03359994172
0.03133494198
0.03258948777
0.006558345711
0.006678659468
0.003336852301
0.006385577062
7.482770088e-33
0.003220577255
7.372105094e-33
7.237857563e-33
0.006795799876
0.006916893594
0.01025558327
0.006937879651
0.03487686369
0.03679592707
0.03333967579
0.02875304709
0.03012664134
0.01213800662
0.01545858427
0.03360596892
0.03538694504
0.02009885616
0.006237287625
0.009416879032
6.208662828e-33
0.003218853577
0.0224942898
0.01810463362
0.02717004525
0.02886642809
0.03258928973
7.070006079e-33
0.01624175006
0.02615696908
0.0190141292
0.02398275307
0.02159946733
0.01641158986
0.01344866671
0.01654047526
0.03911705811
0.03700698915
0.03734251514
0.02877525804
0.03139618852
0.03303974682
0.03700651356
0.03630677386
0.03545756881
0.03428422175
0.009980715128
0.009747344063
0.009760020125
0.006486011825
0.009447598251
0.006237522963
0.00321023897
0.003068685446
0.002854703762
0.01346048786
0.01018157893
0.01344608998
0.010235458
0.03918088797
0.03733568867
0.04085938865
0.03133616759
0.01278516073
0.01557017343
0.03563772128
0.03903079101
0.03741547039
0.02113344262
0.006574191532
0.009459438918
6.442160388e-33
0.003171171715
0.02615526429
0.01870228156
0.02957186391
0.03058772118
0.03301197616
0.03460518152
0.00287322979
6.864799831e-33
6.636406153e-33
6.351520142e-33
6.050796291e-33
5.68723483e-33
5.307659268e-33
4.89653427e-33
4.424989577e-33
0.01957959884
0.0266839322
0.02216798355
0.02441931878
0.01940561897
0.01952303938
0.02083482827
0.01809779613
0.03974498996
0.02933808266
0.03956030913
0.03209021648
0.03455400198
0.03611446188
0.03907494458
0.03835528561
0.03712290466
0.04235654917
0.01328833967
0.01300846363
0.01267742134
0.01265365996
0.01204459669
0.009038684228
0.006194742576
0.005915788817
0.005590560869
0.01639610457
0.01656924405
0.01551375476
0.0195760859
0.04271100793
0.04095052713
0.0443283905
0.01265496231
0.01542917078
0.01852683115
0.04154547634
0.03762371199
0.03969332555
0.02314414351
0.006784612105
0.009761154174
6.656099024e-33
0.003328532363
0.02842972789
0.02159714354
0.03115892828
0.03223646137
0.03460747492
0.03709798647
3.936765468e-33
3.375275823e-33
2.778024098e-33
0.002432366135
0.005473890125
0.002703517469
0.00496769074
0.002439812904
0.002411894
0.002056703946
0.001889570136
0.001518531228
0.001784308512
0.02267224045
0.02712173987
0.02476962638
0.02311214414
0.02348115915
0.02250102202
0.0252861756
0.02979546335
0.04219004645
0.03267588654
0.04164249244
0.03526251021
0.03757659361
0.03874099084
0.04106778866
0.04001526563
0.04457329283
0.01624784431
0.01542775992
0.01586280976
0.01511655146
0.01798689775
0.01480554929
0.01213258091
0.009095342975
0.008510169989
0.01084355608
0.01941281722
0.01952587723
0.0240171925
0.02155847614
0.04443507417
0.04629468439
0.01267617013
0.01586059003
0.0190152838
0.03949103045
0.04278173515
0.04424004384
0.04120424424
0.026202087
0.006677342019
0.009742472152
6.850994534e-33
0.003420721901
0.02964515049
0.02379178125
0.03258839195
0.03379716874
0.03569288823
0.03919523938
0.03741002911
2.175173323e-33
1.450182628e-33
0.001391739303
0.001104493275
0.0008136859849
0.007334305778
0.00729579896
0.002706076864
0.006516689299
0.004152952002
0.003785081346
0.003478537769
0.003216374721
0.01020566261
0.01294976883
0.02569255759
0.02746950973
0.02610729676
0.0279894082
0.02667312159
0.03014447333
0.03255468066
0.0438380435
0.03685411851
0.03478668591
0.04337197432
0.03874521525
0.04045496795
0.04185020624
0.04243648534
0.04656725023
0.04611108322
0.01901799124
0.01877215297
0.02099929874
0.01782727782
0.02112746147
0.01714885379
0.01395680613
0.01398307897
0.01369706349
0.02417479199
0.02681758206
0.02557248883
0.02424048127
0.04866187479
0.0474034945
0.04821053168
0.01300284388
0.04631460367
0.01624261524
0.02060686189
0.04129423062
0.04451398423
0.02755376136
0.006930134142
0.01280061069
7.033701876e-33
0.003399474476
0.03128756077
0.02527189239
0.03527781561
0.03927175803
0.0375269506
0.04123149129
1.74680053e-63
8.692774713e-34
0.0006370438305
0.0003279375537
0.001307061731
0.002386529655
0.001840852323
0.003556178816
0.009912750788
0.00918423995
0.004531629629
0.008147604084
0.005802100456
0.007985425382
0.005437452375
0.004757573017
0.01568355856
0.0128491141
0.02944858044
0.03056192427
0.03056191001
0.03061092854
0.03291798077
0.03526087727
0.04609557483
0.03868613619
0.04489403285
0.0410419033
0.04318208463
0.04449460353
0.04825894719
0.04839569333
0.02160396645
0.02396836059
0.02359535149
0.02009181702
0.02334014221
0.01894369818
0.01609513753
0.01795853373
0.02687121545
0.03040734654
0.03318809686
0.02800803299
0.02671214384
0.0506123693
0.05041706945
0.04878327743
0.05003898358
0.05073563212
0.04733685133
0.01684721281
0.02215071706
0.04409789244
0.04606956346
0.02969368647
0.02798403598
0.04312014103
0.009796615341
0.01472749777
7.189473712e-33
0.003466402178
0.03284592628
0.02595011154
0.03663291779
0.0388382576
0.04105955816
8.775230585e-34
0.0003271180926
0.0008463346759
0.001470859716
0.002211115982
0.002983700444
0.004065223966
0.00537836137
0.01340978033
0.01079439452
0.006448815266
0.01022400257
0.007168272554
0.009230215799
0.006595448696
0.01740189153
0.01633962194
0.0331902401
0.03346492707
0.03346593595
0.03584509997
0.03784163036
0.04038536998
0.04721239998
0.04237784662
0.04698093892
0.04416744734
0.04575143281
0.04938461294
0.05007675013
0.02648804403
0.02615475346
0.02570292581
0.02173856365
0.02442252464
0.02078241275
0.01957312661
0.02065875792
0.03614033258
0.03015459539
0.03299262163
0.03672717138
0.02979670013
0.02934009234
0.04905245933
0.05201062356
0.052408355
0.05228085077
0.05161161985
0.05041676271
0.05249706498
0.02277703717
0.01948733352
0.04586844686
0.04750467144
0.006903696322
0.02897193427
0.03187439399
0.03909746626
0.04270880961
0.04487970168
0.01198106638
0.01659635297
0.003514614666
7.312954157e-33
0.02505408126
0.03430872768
0.02808253945
0.03787974457
0.04098334445
1.498867401e-33
0.0006365712961
0.001305714978
0.002214694763
0.003186398973
0.004236873872
0.005376212474
0.007034553185
0.006668433831
0.01472785729
0.01212351867
0.008433944185
0.01134040272
0.00891159752
0.01884315074
0.02091473026
0.01761761883
0.03614469486
0.03622031147
0.03911374741
0.03863927972
0.04093969267
0.04304463959
0.04930265033
0.04495519152
0.04815778005
0.04634439512
0.0514527737
0.05139790566
0.05324500906
0.02877706
0.0281093117
0.02716098426
0.02613073665
0.02393136865
0.02285992797
0.02216711546
0.03877292751
0.03899864916
0.03256234622
0.03784039592
0.03539240831
0.0328022939
0.03229897688
0.05024158783
0.05177847379
0.05378663318
0.05410982915
0.05317454987
0.05306084083
0.05418651401
0.02102929763
0.04750486147
0.008259029918
0.03279605257
0.04048957877
0.04426234386
0.04650194249
0.009595879056
0.004897729608
0.01409234234
0.01839836617
7.413403478e-33
0.02249926848
0.02639980314
0.03566633563
0.03009835418
0.03838985534
0.0433092825
0.0489962924
2.296904797e-33
0.0008148961821
0.002021529134
0.00298242897
0.004067103162
0.005373032758
0.00666839026
0.008770492212
0.008099105914
0.01440141304
0.01633629317
0.01316066916
0.01079540302
0.01131117518
0.01861764492
0.02272159007
0.02055909221
0.03942242843
0.04126142446
0.04116187575
0.04364747435
0.04514414366
0.05039501808
0.04684579821
0.04880193883
0.0549508363
0.05245547433
0.05343361956
0.03139827298
0.02983987875
0.02876246789
0.02434249785
0.02760635271
0.02548344297
0.02427211065
0.02480900196
0.04116010999
0.04094014824
0.039901707
0.03606143513
0.03527179256
0.03757658466
0.03456240017
0.05180371884
0.0515274093
0.05327040888
0.05432767342
0.05539864565
0.0556264892
0.05553572358
0.05575357771
0.03360093138
0.04175933174
0.04600691962
0.04797279908
0.01056888309
0.00709435381
0.003515562857
0.02103243962
0.01676751821
7.509790189e-33
0.02402671901
0.02808548938
0.03690030296
0.03224177118
0.03999971647
0.04453000331
0.05097736463
2.994337278e-33
0.001180087796
0.00324698375
0.006337094195
0.005010233316
0.007945884155
0.01110519626
0.01034325561
0.009439606598
0.01530831337
0.01717893588
0.0193296358
0.01390427506
0.0126391255
0.02153128533
0.04315571859
0.04342360231
0.0449057202
0.04714740103
0.05101789296
0.04971516456
0.05647897546
0.05278849195
0.0552099863
0.05433470706
0.03292659495
0.03112778381
0.03065823625
0.02403144699
0.02649958152
0.02715431319
0.02982885677
0.02678689655
0.04407319175
0.04200179574
0.04180923635
0.03866045676
0.03811967922
0.0404521038
0.03873087908
0.03612210218
0.0532749799
0.05266366188
0.05542760922
0.05683571153
0.05783177149
0.0569107214
0.05677910772
0.056804957
0.0353364632
0.04290041671
0.04696143266
0.04927190367
0.01299320628
0.006923963553
0.003506020567
0.02278093744
0.01949115336
0.01569521354
7.576417154e-33
0.02595979909
0.0299667695
0.03839180717
0.03430648841
0.04147557885
0.04559855779
0.05181946811
3.559657729e-33
0.002521022395
0.004287125172
0.006299672953
0.008972239038
0.01181262655
0.01278618316
0.01079516105
0.02145287528
0.01591464811
0.01976155754
0.01773797715
0.01530992092
0.01448959577
0.02337882363
0.04543617204
0.04664734196
0.04852429068
0.05027247216
0.05146330472
0.05680698222
0.05390198478
0.05482801197
0.05602319531
0.05821445874
0.03345505579
0.03186655039
0.03634571148
0.02699414971
0.03359079934
0.02862993981
0.03212569006
0.02984457683
0.04422152291
0.04607375456
0.04430017862
0.04153158081
0.04317513392
0.04145986285
0.03898043926
0.05438907179
0.05362231752
0.05580317275
0.05807521572
0.05870698088
0.05806730153
0.05786061853
0.05767571513
0.03662984014
0.04412198733
0.04809933088
0.05039913054
0.01017479652
0.006875813014
0.003396038763
0.02214844174
0.01789146417
0.01328950963
7.611246589e-33
0.02526535734
0.03284530468
0.02919973815
0.03991245658
0.03625958776
0.04391404112
0.04712891079
0.05249900709
4.499776211e-33
0.001579831111
0.003215493441
0.004754082152
0.006600188989
0.01017069652
0.008209701291
0.01357500055
0.01215278233
0.02174475884
0.019896074
0.01803448369
0.01506951019
0.01622597495
0.02649769835
0.0236476288
0.04717552949
0.04841959808
0.04820672498
0.05067177563
0.04795150097
0.05295898696
0.05948330872
0.05752673964
0.05516718146
0.05626915626
0.05898632262
0.03646430483
0.02829950572
0.03637439257
0.03107528503
0.03435569076
0.0315816579
0.04688523638
0.04665784104
0.04498260729
0.03991902568
0.04450452237
0.04255149281
0.05532707442
0.05439926547
0.05705904873
0.05913975076
0.05978215848
0.05911768461
0.0587610756
0.05837567236
0.04601072264
0.04952115362
0.05150071615
0.009852291985
0.006557593946
0.003420643102
0.01624181797
0.0206070686
0.01316463421
7.618397636e-33
0.02379563759
0.02753711914
0.03275703361
0.038885254
0.04147101805
0.03690760874
0.04473914155
0.04797395979
0.05362078531
4.884575435e-33
5.81876721e-33
0.003302841246
0.005653643323
0.007598183008
0.01133618325
0.009600025439
0.01390194749
0.0131669031
0.02175238133
0.01892368583
0.0166011053
0.02364332458
0.02846908455
0.02559322314
0.04960409208
0.05092143648
0.05275288573
0.04927893765
0.05464236635
0.05533440559
0.06042652616
0.06004916065
0.05794498795
0.05719837978
0.05952478137
0.03892875473
0.03133722632
0.03707995803
0.03314732281
0.03486939436
0.04879872481
0.04648342769
0.048159463
0.04663098976
0.04178346537
0.04445498002
0.04163353142
0.05609969543
0.05541067266
0.05759894348
0.06006268787
0.06080232092
0.0599042058
0.0594753745
0.05889926253
0.04731339738
0.05097794706
0.05266497473
0.02579349053
0.009612507791
0.006586326719
0.003328054553
0.01606059703
0.01901526249
0.01249758874
7.60179303e-33
0.02159839875
0.03063039794
0.03444113059
0.03936363301
0.0417232435
0.03807438824
0.04488111048
0.0489991262
0.05438423535
0.001799618739
6.295043064e-33
0.006153255706
0.004070863843
0.008263895764
0.01022358988
0.01253306124
0.01439745802
0.01588154512
0.0163327033
0.02145992744
0.02337830759
0.01860026158
0.03131846937
0.02940540338
0.02546177086
0.02739923992
0.05096503923
0.05242558843
0.05122810579
0.05472761004
0.05611477245
0.05751794167
0.06123056805
0.06048344799
0.06092966431
0.05904598651
0.05990015481
0.03969764452
0.03326793979
0.03746268204
0.03512626595
0.05039895911
0.04931378986
0.04846166343
0.04663502632
0.04414591654
0.04201964126
0.05686952419
0.05594315159
0.05837038716
0.06076665134
0.06134502611
0.0618239064
0.06046809503
0.05999941632
0.05954825168
0.04750522777
0.0515316023
0.05349829838
0.02793403079
0.02398414131
0.009622661505
0.006485574853
0.003336582158
0.01542396003
0.01827403913
0.01265651184
7.554175627e-33
0.02070563823
0.03266067406
0.03598229084
0.04044453175
0.04310769213
0.03906051171
0.0458662911
0.05024303436
0.05482778746
0.002187148281
6.923883819e-33
0.006426326483
0.008782387622
0.01112805445
0.01319309901
0.01521175954
0.01862085306
0.01811091668
0.03312762581
0.02504386563
0.02210082675
0.03107658084
0.02914791065
0.02700438517
0.05318903789
0.05211822431
0.05511835944
0.056620974
0.05814840717
0.06207246008
0.06158885221
0.0611393706
0.05920649816
0.06013473521
0.05287095436
0.03996501017
0.03512955867
0.03754603132
0.05146489149
0.05017526739
0.04839625045
0.04203164212
0.04648953498
0.0445478825
0.04556699717
0.05765631031
0.0567599151
0.05874227366
0.06125651668
0.06182175
0.0622119797
0.0608973754
0.06058430617
0.05982865891
0.04750624071
0.0522875504
0.05429963251
0.02359961197
0.02987008682
0.02615405415
0.009459936729
0.006480464351
0.003219271763
0.01535852047
0.0122385955
7.480262029e-33
0.02034936582
0.03230596622
0.0354044319
0.03840280886
0.04299043802
0.04129192066
0.04608020082
0.04905153914
0.05092358824
0.05568391196
0.002225168882
0.004571561999
7.472701962e-33
0.007033049097
0.009185370403
0.0116957955
0.01381777061
0.01633612513
0.01889405643
0.02138002575
0.02143061277
0.03387736126
0.02500008724
0.03058024317
0.02861915714
0.05640653412
0.05433918768
0.0582406978
0.0623946798
0.06194666138
0.06159001294
0.06110896868
0.06035236385
0.05935610372
0.0530051712
0.05520930353
0.03987106104
0.03734115095
0.04209219244
0.05196094245
0.05077742419
0.0485495801
0.0442072589
0.04658605575
0.05710900922
0.05781750397
0.05938126643
0.06159639129
0.06209550097
0.06239370584
0.06129790776
0.06079452346
0.06009679652
0.05369053098
0.02212115333
0.02570136199
0.02810613457
0.009419035035
0.006239723734
0.003209740147
0.01753857308
0.01479792071
0.01214408279
7.372919588e-33
0.03036435228
0.01975939262
0.03245574088
0.0365468715
0.04019036021
0.04344488979
0.04207327889
0.04540612776
0.04733771046
0.04861226677
0.05212843027
0.05442332599
0.05045614265
0.05609948134
0.00235863003
0.00498965739
7.872836801e-33
8.641391248e-33
0.007293714926
0.009898112186
0.01215893025
0.01477755183
0.01740631734
0.01957645809
0.02338706821
0.02193802558
0.03570904903
0.03334289189
0.02543054249
0.02782502084
0.02983557703
0.05751215671
0.05629031883
0.05898324758
0.06249344107
0.06240172455
0.06208267073
0.06161272205
0.06086463193
0.06005088198
0.05635055383
0.05335373878
0.05466886818
0.04006196093
0.0379331472
0.04191010634
0.0442067671
0.05269609687
0.04877931487
0.05056145181
0.0468272209
0.0488429811
0.05679158667
0.05800145316
0.05918870998
0.0618552618
0.06221021007
0.06239457768
0.06142293384
0.06080104047
0.05999384588
0.05825643142
0.02213583883
0.02441637794
0.02715750646
0.008885602867
0.005860734754
0.003011938817
0.01686496046
0.0116280389
7.235470665e-33
0.02924632274
0.01894202119
0.03433239347
0.03067788898
0.03807921841
0.04065346006
0.04353270848
0.04669702567
0.04922637586
0.054970775
0.05300093435
0.05142666047
0.05540389503
9.016248784e-33
0.004994430119
0.002621455172
0.007836178672
0.01263817604
0.0156894142
0.01796295632
0.02107470076
0.002926882932
0.03733225478
0.0237738898
0.02426813186
0.0336010685
0.03125982121
0.02734684677
0.0582200964
0.05941198225
0.05790031904
0.06239517666
0.06239547654
0.06221506465
0.06182451735
0.06123132827
0.06043979376
0.05605334422
0.05387636616
0.04001334858
0.0439800996
0.04619870554
0.05242807403
0.05082637494
0.04999803003
0.04815681728
0.05614812041
0.05740934667
0.0590035103
0.06182554436
0.06210280323
0.06214649724
0.06122947076
0.06046208066
0.05948460215
0.0325827717
0.04794247502
0.05782882576
0.02119634457
0.02564664467
0.008471959652
0.005791597319
0.002913075213
0.01398193551
0.01145163648
7.066256261e-33
0.0270550378
0.0188983074
0.01609127906
0.03564614469
0.02822120826
0.03060654486
0.03761921872
0.04096735135
0.04408871117
0.04451768181
0.04657944664
0.04969587522
0.05310526848
0.05143599053
0.05454720243
0.05470996648
9.486387004e-33
0.005590434397
0.005601077885
0.01061200064
0.01370026374
0.01609584774
0.02207853338
0.01889721074
0.00291225224
0.03918835934
0.0356446176
0.02598191848
0.03259317033
0.02955651229
0.05897800005
0.05747237439
0.06208719345
0.06221562996
0.06209665479
0.06181019346
0.05977746075
0.06132680214
0.06064885834
0.05407240008
0.05564433145
0.04099598671
0.04310584214
0.0451193561
0.04667591106
0.05293533989
0.05167433835
0.04982462077
0.05665071453
0.05821140332
0.06161473861
0.06174387315
0.06092742101
0.06005021348
0.05898088739
0.0335998595
0.04845255667
0.05696120873
0.02065364927
0.02285541225
0.008326309586
0.005592610012
0.002873518561
0.01369759315
0.01085176789
6.860119129e-33
0.02426980496
0.01833535584
0.01568342485
0.02543261665
0.03547509316
0.02783215968
0.03140261542
0.03939145717
0.03717793661
0.04192928716
0.0441794081
0.04579296728
0.05027306652
0.0529893723
0.05308538541
0.05495326546
9.919761953e-33
0.02612986176
0.00590449004
0.01145084728
0.008318155351
0.01398350094
0.02213338585
0.02441332374
0.01688975102
0.01930122172
0.003122148504
0.03807467018
0.03460750901
0.02876488938
0.03133659486
0.05807424582
0.05697526266
0.06157993243
0.05911896916
0.06182704473
0.06186646015
0.06159669317
0.06125692156
0.06002070944
0.0607311689
0.05409161577
0.05564251543
0.04029073131
0.04383910677
0.04564129632
0.04771024466
0.0528059142
0.05138895474
0.05060896419
0.0483185253
0.05568352694
0.05772591676
0.06117110741
0.06093783354
0.06031225526
0.05958177475
0.05808902407
0.03350859621
0.04768433072
0.04935645147
0.05628700337
0.01957070007
0.0221536325
0.008031487818
0.005489191792
0.00262898392
0.01294087133
0.01021993945
6.624582373e-33
0.02338538272
0.01740057596
0.01477448513
0.02633681983
0.0243542606
0.03487742954
0.02785739672
0.02963768604
0.03189157976
0.04006224866
0.03763630381
0.04193569181
0.04363856716
0.04559528893
0.05133075864
0.05324462457
0.05342188131
1.031839626e-32
0.02715778801
0.006202536456
0.01141673163
0.01463431986
0.02532259051
0.02009068735
0.02249729797
0.01716386988
0.003211189847
0.03709513995
0.03342956572
0.02984019086
0.06092807818
0.05806107482
0.05689123477
0.06123004402
0.05910935755
0.06143729345
0.06133802813
0.06089796016
0.0604663532
0.05990021012
0.05455432772
0.05526839633
0.04042671216
0.04235826266
0.04607867458
0.05206714477
0.04798615946
0.04970952331
0.05466647708
0.0569452462
0.06044159531
0.05991910532
0.06062046966
0.0586059676
0.05902021312
0.05742309349
0.04733923699
0.04861580229
0.05516718846
0.01883671243
0.02092233012
0.007835112491
0.04980894189
0.005248588405
0.00263694012
0.01014731846
6.35165654e-33
0.02136479438
0.01588023148
0.01200337401
0.02282806293
0.02620065475
0.0351234212
0.03224966546
0.03024188103
0.03976916375
0.03786955478
0.04168996488
0.0437489623
0.04518391392
0.05182695738
0.05244418151
1.068682466e-32
0.02811270451
0.00918535411
0.006334733978
0.01232326645
0.02525873004
0.01545913614
0.02292608001
0.01810893578
0.003165042065
0.03839400819
0.03525533839
0.03183837987
0.06042406646
0.0599422208
0.05795502084
0.05645482579
0.06081040455
0.05875726184
0.06089074554
0.06046861155
0.05999750552
0.05951567814
0.05353472236
0.05525932717
0.04616271482
0.04121756211
0.04409772312
0.03927422536
0.0509745989
0.04791132274
0.05386218576
0.05630461287
0.05915198841
0.0592115973
0.05772120738
0.05784559327
0.05625273074
0.04722949778
0.05506154332
0.0359030233
0.01905375717
0.007481119781
0.04975471508
0.04718192735
0.004611435359
0.002366405204
0.009440215857
6.040773083e-33
0.02087590138
0.01693417543
0.01079738673
0.01358218311
0.02145544894
0.02337548598
0.0264974766
0.03135274306
0.03327209199
0.0294171303
0.0389669717
0.03647285068
0.04131327437
0.04495243368
0.04289638314
0.05090785804
0.05130093881
0.05238539385
1.101585778e-32
0.02988431646
0.009413787679
0.006573151301
0.01223484456
0.02724472307
0.02397399263
0.01534662453
0.02100030324
0.01798366276
0.003383296723
0.03708670545
0.03375651685
0.0323922686
0.05997879188
0.05941721435
0.05898366074
0.0576751
0.05594328925
0.0602603864
0.05837371741
0.05985157918
0.05951699711
0.05889816458
0.05350482299
0.05454296322
0.04454474582
0.04181707895
0.0383551883
0.05095892926
0.04950620913
0.04599635469
0.0534041456
0.05502764531
0.05824276283
0.05647336866
0.05644781623
0.05482934187
0.03414055021
0.01797002569
0.006518370513
0.04517353166
0.04877621333
0.04698055961
0.004435996317
0.002217577314
0.02451091789
0.008782726513
5.69636164e-33
0.0193265329
0.01022204102
0.01487344405
0.01211831088
0.0197640503
0.021750587
0.02558611897
0.02751521048
0.03028894224
0.03206123321
0.03386857353
0.02836235673
0.03857636814
0.03600774932
0.04048156094
0.0425307381
0.04943305405
0.04990938439
0.05154780364
1.131368921e-32
0.02920759013
0.00945539478
0.00678746468
0.01264528564
0.02578237189
0.02159469759
0.01543161581
0.01852934631
0.003485657977
0.03559466242
0.03249891474
0.05752712763
0.05940609574
0.05896192351
0.05842249599
0.05686780408
0.05540891615
0.05884015392
0.05904771926
0.05759762251
0.05875939498
0.05837384171
0.05299633986
0.05377866993
0.04333781162
0.04044623347
0.03731192812
0.04918340685
0.05032993753
0.04730717442
0.04473832755
0.05316420754
0.05633660937
0.0553585797
0.05326142102
0.01587931457
0.006426471259
0.05024600989
0.05139412877
0.04450328073
0.0470551547
0.04581250808
0.004153947651
0.002126690519
0.02365365188
0.007976710704
5.289638624e-33
0.008815912836
0.01774469603
0.01260100649
0.01990912813
0.01701113336
0.02174990881
0.02546573551
0.029938859
0.03157313718
0.03334222386
0.0279893512
0.03530038463
0.03795454476
0.03898173266
0.03992758935
0.04072857992
0.04760009712
0.04815706931
0.04902773737
1.158094662e-32
0.0275363265
0.006767028906
0.009902201804
0.02346636986
0.01901328262
0.01565129229
0.003464540339
0.03479110462
0.03001572415
0.05602425642
0.05680622511
0.05765617529
0.05840653424
0.05775509175
0.05609739816
0.05439690434
0.0580608854
0.05785793382
0.0568663529
0.05767418193
0.05149891743
0.05249736447
0.04194136725
0.03891297624
0.03625210269
0.04848323522
0.04926851586
0.04567676321
0.04291117102
0.05180375096
0.05268933424
0.05493049144
0.05394693845
0.05059132708
0.01449665506
0.005808374433
0.05021150415
0.04904116789
0.0414510568
0.04301190308
0.04511269709
0.003934911658
0.00187339976
0.02338238287
0.00542217886
4.970145582e-33
0.006595075259
0.009641131627
0.01505520324
0.01215268864
0.0153249095
0.01976298926
0.01713642396
0.02145622249
0.02504200456
0.02861236704
0.03082867769
0.03257607948
0.02635292421
0.0349101624
0.03720079198
0.03905842813
0.04464745889
0.04623979217
0.04681727269
1.181563486e-32
0.02568763029
0.009745720092
0.006649297278
0.01300355661
0.02140262302
0.0162401477
0.003395777347
0.03188641951
0.02799136983
0.05432927044
0.05583328758
0.05521726729
0.05670741856
0.05689321309
0.05541013216
0.05377932692
0.05677540498
0.05680179887
0.05633154548
0.05039699388
0.05150086087
0.04038659659
0.03761406555
0.03366340357
0.04712591867
0.04809631805
0.04432526218
0.04171835327
0.0494172032
0.04864177109
0.05203960962
0.05327141911
0.04954095444
0.05535529775
0.04812047895
0.04638628796
0.04128336727
0.04035206774
0.04292104266
0.003296224373
0.02152409419
0.004739437932
4.362282755e-33
0.005703058096
0.008424983493
0.01080269303
0.01262681144
0.01359364808
0.01530902492
0.01849230086
0.01696695551
0.02000921641
0.02435611066
0.02783154772
0.02983115929
0.03157197472
0.02543524001
0.03433645975
0.03611682521
0.03728777263
0.04276929239
0.04346697657
0.04404403969
1.201522528e-32
0.02372084512
0.009979880296
0.006709420396
0.01329135132
0.01893236945
0.003420971672
0.02996417074
0.02595057131
0.05371655729
0.05243884659
0.05427996807
0.0530176691
0.05563616336
0.05477956533
0.05556976466
0.054541689
0.05226606431
0.05576678101
0.05542420196
0.04926966588
0.05033029342
0.03224288211
0.03886574099
0.03598144039
0.04559691898
0.04712674669
0.04289704112
0.03999887756
0.04648614236
0.04772568084
0.05088075339
0.04911943435
0.05374335276
0.04585143613
0.04343712701
0.03980664425
0.03903190478
0.03663526666
0.0405162249
0.002821578946
0.01919564341
0.02056100244
0.004303672647
3.91238043e-33
0.005840092331
0.007936429053
0.009430869333
0.01194081166
0.01180527886
0.01329017504
0.01390128026
0.01650640751
0.01722104479
0.02338920103
0.02733450584
0.0276012966
0.03133421413
0.02523090937
0.03292272782
0.03356290756
0.04096676165
0.04081773275
0.04097471296
0.04430507761
0.04267755098
1.217107322e-32
0.02152816484
0.01017927769
0.006650485061
0.0156881597
0.01803835177
0.003378140031
0.008132416601
0.02808153941
0.02402353194
0.05104930982
0.05091705487
0.05058872187
0.05226603087
0.05455589522
0.05308995418
0.05421345885
0.0509593413
0.05350435843
0.05354058676
0.0484862799
0.04899222115
0.03009518071
0.03359921594
0.03689709069
0.04600334807
0.04452769693
0.0388647982
0.04207316116
0.04579539348
0.04707765404
0.04817091209
0.04083167166
0.03320092453
0.03753632881
0.03573022653
0.03788477364
0.002525379329
0.01811108376
0.02091792318
0.01862919495
0.003239695925
3.260512513e-33
0.004068908071
0.006022364755
0.01316339151
0.008100074102
0.009582565301
0.01019498929
0.0107847076
0.01214420392
0.01440507792
0.01605308668
0.02264233072
0.025474313
0.02984008001
0.02707368456
0.02285743468
0.03030801226
0.03065511277
0.03941655236
0.03833882166
0.03884921646
0.03914121632
0.04232027213
0.03994209354
1.224076646e-32
0.0210321902
0.01218206988
0.01573901319
0.004898726289
0.009599203885
0.02639526195
0.02249691605
0.04896707951
0.04847694684
0.04996301544
0.02806964163
0.05120931342
0.05317976194
0.0530608318
0.05081171358
0.05249751771
0.04928699314
0.05095808247
0.05092089272
0.04731060041
0.04750377569
0.03211272183
0.03598387412
0.03761253397
0.04426264164
0.04330609119
0.0399014347
0.04648200057
0.0438378772
0.04519757548
0.003377283184
0.03086795026
0.03584331944
0.03344722461
0.03619898501
0.001095310807
0.01632475202
0.01739051732
0.01957531095
0.002981292085
0.002012282038
2.788459078e-33
0.004241341071
0.003197879774
0.006668803303
0.005375654022
0.0113344188
0.01057054903
0.00793179877
0.008982612307
0.01017015822
0.01239351232
0.01381967994
0.01975487743
0.02716456032
0.02392488807
0.02715841491
0.02119159994
0.02799727338
0.02829744853
0.03668984453
0.03438745482
0.03532840503
0.03735372057
0.03637841598
0.0401178691
0.03673871661
1.236284516e-32
0.01839334702
0.01409614935
0.008136549239
0.01369792956
0.02505136456
0.02103052784
0.006641655583
0.04636450251
0.0467365879
0.04782413583
0.04918629749
0.02806047018
0.03160886695
0.04935048777
0.05162278992
0.05040441901
0.05001875126
0.04804342891
0.04831890242
0.04586940824
0.04488703835
0.03406499339
0.03624087599
0.04346611031
0.03918374891
0.04194031277
0.04404151172
0.04175108349
0.04317571029
0.003418230557
0.03396446873
0.03098969259
0.03194285923
0.001016641227
0.01477256726
0.01568617957
0.002216563373
0.00220390789
2.243419459e-33
0.004064330364
0.002505214097
0.00904716703
0.006354542735
0.005005764179
0.009595829914
0.007974442195
0.007429044053
0.008214591385
0.01097331018
0.0121477361
0.01888860823
0.01610308155
0.02525688698
0.02334653218
0.02250116354
0.02010938322
0.02564673763
0.02593358258
0.03356412905
0.0305956412
0.0351533233
0.03155804013
0.0334391154
0.04396278529
0.03939413304
0.03629964093
0.03439919194
1.239927794e-32
0.01792878425
0.0194877092
0.01325815161
0.009789886526
0.02363859738
0.02213561992
0.006709130277
0.04360568236
0.0453705316
0.04700833146
0.04779716124
0.03048515376
0.02799202487
0.04820392106
0.04862621906
0.04839112934
0.04630790174
0.04679012074
0.0440919324
0.04388669942
0.04180350613
0.03377022386
0.03637631635
0.04045100258
0.04143103695
0.04045477248
0.003395258058
0.03095228413
0.02613107767
0.02915799588
0.001057171253
0.01322926906
0.01370127423
0.001305064096
0.0008141985523
0.001463363285
1.386533062e-33
0.003805902416
0.001993281474
0.006430014935
0.007030946641
0.004534947223
0.005802855552
0.007766858977
0.006597314461
0.009286467626
0.009961787987
0.0139891128
0.01688915181
0.02313117396
0.02112969349
0.02041480492
0.01790759218
0.02083355794
0.02353000787
0.0302423181
0.02829013452
0.02625583003
0.02618041164
0.03193031288
0.02925879664
0.04209151846
0.04107548123
0.03757848053
0.03546601308
0.03355011963
0.03136385366
1.239789458e-32
0.01891314569
0.01614367417
0.01279102249
0.009854017773
0.02526844968
0.02059995839
0.006649265564
0.04301142128
0.04457903623
0.04627068942
0.04419152115
0.0292950613
0.04656633399
0.04667301318
0.04488444479
0.04513709138
0.041286656
0.04122690386
0.03928080667
0.03249551895
0.03442183608
0.03752361793
0.03875710777
0.003420720817
0.02439151258
0.02706756711
0.0005593089428
2.882727974e-33
0.01106999221
0.01143874724
0.0006473875132
2.303546741e-33
0.0004147906806
8.308793923e-34
3.79490453e-33
0.002857133578
0.00137528023
0.004153087566
0.004704442154
0.00497992205
0.003936199351
0.003206582655
0.004765568594
0.005175793681
0.005132108509
0.007842440396
0.009098280324
0.01463096018
0.01869388592
0.01783425938
0.01481913944
0.01604286359
0.01832723611
0.02154136803
0.02087663869
0.02601908128
0.02488843724
0.02074514618
0.0220984503
0.02860880965
0.02544374065
0.03967891028
0.03842015137
0.03601610134
0.03456091101
0.03248399083
0.02964000537
0.02787664821
1.235191808e-32
0.01624392316
0.01283797246
0.009747366775
0.0264200515
0.02345732453
0.01901155393
0.006679147642
0.04218409645
0.039750932
0.04203428992
0.04500065751
0.04335292566
0.02900878274
0.04398443678
0.04318888086
0.04337199784
0.0361093542
0.03919958185
0.0402868233
0.03772497166
0.03158952991
0.03391506724
0.03653297434
0.003328373462
0.00865838748
8.621424106e-34
1.519326092e-33
1.693021803e-63
0.03840473759
4.379897662e-33
0.001583460389
0.002217363935
0.002129798523
0.002638570787
0.002492779002
0.001899711201
0.001845003774
0.002695870492
0.005463540289
0.00600902674
0.006293884658
0.01213423795
0.01535454827
0.009548521952
0.01281622049
0.01267645405
0.01651936342
0.01624530508
0.01641075012
0.0342256071
0.02286075344
0.0221471207
0.01770936374
0.01657514622
0.02503872923
0.02201404388
0.03716645842
0.0370773983
0.03294371326
0.03139782697
0.028923486
0.02661327614
0.02434083051
1.226380391e-32
0.01586032681
0.01267785731
0.009762111204
0.02508590491
0.02158242117
0.01853046572
0.006485700511
0.03740756242
0.03974227581
0.04110470216
0.03972329463
0.0423774088
0.02666698193
0.04115331824
0.04117627175
0.03807743231
0.0352464914
0.03285649243
0.03709320408
0.03029684935
0.03333260055
0.003382745116
0.03579281784
8.549903818e-33
7.473440828e-33
5.033737117e-33
6.916254533e-33
6.324107354e-33
8.020444209e-33
5.720215086e-33
0.002686794208
9.045473194e-33
0.003092077495
0.003066674151
0.003212974538
0.006249887108
0.009892714268
0.0065739558
0.009760829149
0.01015894401
0.01344914845
0.01276713191
0.01328872607
0.03183944362
0.01989865303
0.01841185854
0.01346805251
0.0149920063
0.02184158003
0.01916211743
0.03397026534
0.03435497288
0.03486665191
0.0298395471
0.02811171907
0.02615680404
0.02398149122
0.02159760798
0.03067053809
1.213083321e-32
0.01542735801
0.01265740499
0.009458719111
0.01797845915
0.02314771211
0.006163960489
0.03583248218
0.037557265
0.03747105485
0.0394448615
0.02526791842
0.03834689451
0.03873031054
0.03460795147
0.03564449687
0.03087129943
0.02532400479
0.0334351625
0.02809958226
0.03133750068
0.03185777625
0.003167352482
1.032114701e-32
9.483904833e-33
0.009973878774
9.915163662e-33
1.069337534e-32
0.003221222207
0.006487407202
0.003337060269
0.006680402688
0.006925341372
0.009937103002
0.01005663506
0.009800613416
0.02876198982
0.0341782356
0.0164034289
0.01339145106
0.01088245494
0.01901301468
0.01623961618
0.03280642306
0.03276352257
0.03314192561
0.0271605325
0.02532923357
0.01876885708
0.02327526449
0.02128718886
0.02760130255
0.02883052389
1.196685941e-32
0.01535737556
0.01223994396
0.008957218869
0.02034968861
0.006140871797
0.03512873939
0.0366973592
0.02249361342
0.03605911007
0.03258829185
0.03358745778
0.03012697356
0.02441609785
0.02887194997
0.02824052928
0.02983520409
0.003213603517
1.102057439e-32
0.0322751051
1.132113368e-32
0.003328655998
0.003463928085
0.003543669635
0.007668301769
0.006634104547
0.006753879969
0.0034662191
0.02612904969
0.03313787788
0.01329169238
0.01017927478
0.006915650532
0.01605788611
0.01316428491
0.03107793495
0.0305803459
0.03029256436
0.02548015698
0.02442523986
0.02249513978
0.01542597711
0.0179857587
0.02034542789
0.02678757477
1.173968751e-32
0.01546576296
0.01157088381
0.02010599363
0.01715489433
0.006199521709
0.03388165902
0.02213387834
0.03334373492
0.0312535203
0.02882767139
0.02782405207
0.02564055685
0.0271542876
0.0286216567
0.003068274303
0.03131999809
1.201749537e-32
1.15806638e-32
1.181393147e-32
1.216283489e-32
0.003518656423
0.003374495095
0.02392819147
0.03108020634
0.009980550343
0.006794599733
0.003463252569
0.01267618476
0.009746728377
0.01246749825
0.02915410193
0.02941326662
0.02846413089
0.02426812378
0.02285719201
0.02213375061
0.02009974879
0.01511247715
0.01783532715
0.02480595236
1.14616926e-32
0.01463449516
0.01163706446
0.01688898168
0.01930236984
0.0089337791
0.005902698267
0.03057892493
0.02207488708
0.02983563139
0.02678300487
0.02548102434
0.026197806
0.02563439416
0.003091671833
1.236432021e-32
1.226969431e-32
0.02119672905
0.02915082867
1.240169609e-32
0.006929739072
0.003395868369
0.009761447188
0.006766491612
0.0273853308
0.01222637125
0.009456968397
0.02648939485
0.02652306966
0.02215880338
0.0206594813
0.01894185786
0.01686577525
0.01456573526
0.02092343032
0.02259789006
1.113390633e-32
0.01398378663
0.01144945724
0.01609643942
0.01925098617
0.008500826126
0.005590741977
0.02733919969
0.02107156548
0.02641679249
0.02428148467
0.02414211077
0.0235121583
0.002684569164
0.01889620811
0.02699007623
1.239872071e-32
0.003420014053
0.00648487302
0.003278661562
0.02545983843
0.02504778339
0.009423484144
0.006480045799
0.02364429178
0.02365085355
0.02001767
0.01796254206
0.01640899919
0.01424017099
0.01183279962
0.009194913402
0.01884510545
0.020007165
1.079088454e-32
0.0137003373
0.01085283794
0.01568608179
0.01796463404
0.008030386627
0.005488505756
0.02334978026
0.02119981942
0.02240323387
0.02220370779
0.02087203255
0.002630237072
1.235118689e-32
1.226811601e-32
0.003336672687
0.02337451232
0.02282453869
0.02173894478
0.006338699343
0.003268552722
0.02175267688
0.01740312163
0.0156880684
0.01396769874
0.006195965824
0.01165995165
0.008946057366
0.01633136732
0.01761903845
0.01798445121
1.036521494e-32
0.01294532447
0.01021977992
0.01476739906
0.01739413989
0.007834488863
0.004998532163
0.02000171504
0.01884079093
0.02053637638
0.01860047913
0.002436724367
1.213008943e-32
0.02145442085
0.0208635855
0.01991174793
1.195517708e-32
0.003210815248
0.01976443702
0.01861803597
0.01477468692
0.00306859108
0.01294599564
0.01107463591
0.005791239859
0.008328170544
0.0138165236
0.01358791268
0.01487751019
0.01588761525
9.911127378e-33
0.01214921345
0.009284739243
0.01459742664
0.007093757622
0.004616017674
0.01605423831
0.01803011098
0.01591773564
0.002367338992
0.01932932323
0.01802397072
1.1732728e-32
0.01774496905
0.01632141646
0.01717125342
0.01622320144
1.146326181e-32
0.01214907854
0.002913055306
0.01021820896
0.008032761714
0.00559316377
0.01169501697
0.01113170402
0.01365765167
0.01253731113
0.01450174861
9.37950805e-33
0.00918078638
0.01169144925
0.01318743654
0.007048475517
0.004436934031
0.01353900722
0.01533096069
0.01434007204
0.002217935353
0.0159215683
0.01440747943
0.0143591757
1.114595028e-32
0.009906771461
0.002929778167
0.007835554303
0.005489354872
0.009442924558
0.008782341893
0.01021876768
0.01134755045
0.01214108795
8.815421857e-33
0.01044619613
0.01021910131
0.006428470147
0.004155888341
0.01133941682
0.01261852623
0.01279235019
0.002055628514
0.01323626429
0.01263733429
1.077156102e-32
0.007480438854
0.00275204856
0.005248426753
0.007035438595
0.006627815001
0.008265040764
0.009235121713
0.01016884342
0.01079196505
8.178466379e-33
0.007980645371
0.009236420968
0.005802873697
0.003942769437
0.01131065348
0.01110321226
0.01033623394
0.001811596976
0.01014609225
1.036146719e-32
0.004984647397
0.002637647843
0.004513454438
0.004575895215
0.007161372624
0.005566814675
0.008970759046
0.008218732375
0.009431818514
7.513277993e-33
0.007157829799
0.008201674872
0.00543397314
0.003476642703
0.009267961709
0.008780599079
0.008703849562
0.001784528744
9.888835876e-33
0.002432199894
0.002138630953
0.002418107152
0.005439986397
0.006600200413
0.002090816734
0.003470028061
0.007434623438
0.007332840136
0.006989888425
6.762962744e-33
0.006590810398
0.004759095152
0.003216967317
0.006944431534
0.007320243209
0.001519099622
8.200954398e-33
9.373532451e-33
8.806342605e-33
0.004749330149
0.005711695726
7.471660909e-33
0.001782444005
0.003213283476
0.005367067736
0.006027886371
0.005867157049
6.00420825e-33
0.004284691133
0.002701297482
0.005842069257
0.00140166616
0.004292487275
6.750265499e-33
0.001589131966
0.002705376198
0.004752044322
0.00443899771
0.003553358869
0.004754920123
5.127024244e-33
0.003239336618
0.001170545685
5.987839511e-33
0.001390814185
0.002380189675
0.002979560025
0.003183111674
0.002976537141
4.172221188e-33
0.001833880304
0.000808505588
5.122741205e-33
0.001109600383
0.001010075181
0.002221009826
0.002205620534
0.001295574149
3.253817011e-33
0.0006313012242
0.00130011141
4.249412057e-33
3.237228938e-33
0.0006481391791
0.00145791363
2.273812642e-33
0.0005568409065
2.193466918e-33
0.0003177690142
1.205105389e-33
1.258718326e-33
3.679310081e-63
