0
2
1
7
2
4
9
1
2
11
19
17
3
5
10
20
19
11
9
8
1
10
15
7
4
10
7
5
6
13
22
33
23
16
22
14
26
33
22
16
26
22
8
16
14
15
25
16
38
46
35
16
25
26
39
55
38
5
11
10
6
5
3
13
11
5
13
20
11
12
13
6
21
31
20
12
21
13
12
18
21
25
27
38
30
29
19
41
43
58
62
47
46
81
82
63
60
45
44
63
60
47
61
45
60
16
8
9
21
18
28
28
18
24
37
51
36
21
20
13
36
48
40
24
36
28
24
37
36
30
20
31
42
30
31
32
29
30
41
58
54
42
43
32
59
58
43
30
42
32
74
96
77
87
74
66
88
87
66
97
96
87
77
98
76
74
77
59
96
98
77
7
9
2
3
10
4
15
9
7
11
17
10
30
19
20
29
39
27
25
38
26
17
27
25
10
17
15
19
27
17
27
39
38
15
17
25
19
29
27
98
96
120
94
75
95
58
59
77
54
58
71
56
54
71
56
39
41
40
31
28
59
42
57
59
43
42
41
29
32
56
41
54
39
29
41
44
35
47
14
22
23
16
9
15
57
74
59
40
57
42
49
66
57
40
49
57
48
67
49
23
33
34
51
48
36
34
44
45
44
33
35
60
44
47
34
33
44
193
194
226
206
230
239
241
275
263
262
266
241
300
343
304
262
300
266
262
299
300
301
264
263
178
195
208
150
177
149
126
150
149
151
176
150
204
238
205
199
204
174
177
199
174
207
240
232
267
305
272
232
267
237
240
273
274
264
273
239
267
274
305
175
148
149
205
175
174
169
145
148
198
169
175
198
171
169
152
140
165
176
151
178
152
151
128
127
126
104
83
105
104
128
151
127
178
151
152
149
174
175
176
177
150
176
206
177
148
125
126
128
116
140
117
141
140
116
117
140
94
119
117
82
102
103
60
63
78
81
102
82
68
51
50
90
113
89
70
90
69
91
113
90
67
51
68
113
112
89
66
49
67
61
60
78
68
52
69
70
53
64
85
70
64
65
85
64
109
91
85
91
90
70
86
84
108
35
46
47
26
35
33
26
38
35
31
21
28
62
73
81
47
62
63
55
73
62
38
55
46
56
73
55
41
32
43
71
72
56
76
75
71
77
76
58
98
75
76
56
55
39
68
50
52
48
51
67
74
57
66
40
28
36
49
40
48
42
31
40
37
50
51
52
53
69
101
122
100
79
80
100
124
145
144
99
103
121
125
148
124
131
108
107
134
110
132
159
134
157
159
160
134
133
114
109
144
170
147
101
121
123
145
170
144
133
110
134
154
131
129
103
102
125
80
99
101
55
62
46
81
63
62
83
81
73
83
102
81
82
78
63
80
78
99
80
61
78
61
80
79
103
125
124
121
103
124
99
82
103
78
82
99
104
126
125
83
104
102
106
93
116
100
80
101
72
93
73
56
72
73
92
94
116
93
92
116
71
75
92
121
124
144
123
121
144
101
99
121
128
140
152
150
127
151
93
83
73
93
105
83
92
93
72
106
105
93
128
106
116
128
127
106
127
104
105
152
168
178
123
146
122
101
123
122
144
147
123
171
170
145
171
200
170
147
173
172
123
147
146
170
173
147
147
172
146
200
173
170
200
203
173
415
366
365
414
364
366
372
362
412
331
327
373
331
288
327
318
321
364
316
318
362
282
248
281
278
282
318
278
247
282
321
366
364
362
318
364
316
288
278
332
331
377
332
291
289
254
221
220
288
255
254
316
327
288
318
316
278
362
327
316
331
289
288
378
332
377
291
257
256
221
189
188
258
223
224
223
190
191
281
280
320
184
159
157
220
187
214
220
188
187
220
221
188
248
247
214
254
255
224
247
254
220
247
278
254
189
161
162
133
134
160
154
156
131
213
182
181
246
213
212
215
183
213
184
183
215
187
184
214
157
183
184
156
182
183
110
108
132
154
182
156
281
248
246
221
191
189
159
187
188
224
191
221
254
224
221
255
258
224
190
189
191
163
161
189
190
163
189
222
217
223
250
253
285
219
252
218
251
287
252
89
88
67
90
89
68
112
88
89
136
112
113
135
115
111
131
107
129
157
132
156
108
84
107
132
108
131
156
132
131
157
134
132
86
65
84
110
86
108
110
109
86
180
155
153
180
181
155
179
180
153
210
243
211
180
210
211
179
209
210
215
214
184
182
213
183
246
248
215
248
214
215
321
318
282
247
220
214
282
247
248
278
288
254
155
130
153
182
154
155
212
213
181
183
157
156
154
130
155
201
200
171
198
201
171
231
234
201
268
236
233
306
268
269
306
271
268
231
201
198
203
200
233
236
203
233
202
173
203
202
172
173
182
155
181
187
159
184
129
130
154
231
198
205
272
265
238
233
200
201
209
242
210
243
244
211
216
249
242
212
245
246
211
244
212
180
211
181
180
179
210
243
276
277
317
361
363
319
317
363
277
315
317
244
277
279
276
315
277
242
276
243
210
242
243
209
216
242
249
225
259
320
366
321
319
320
280
365
366
320
349
303
311
309
308
271
401
355
352
354
308
309
269
303
307
202
203
235
238
231
205
280
281
246
245
244
279
215
213
246
181
211
212
319
365
320
268
233
234
235
236
270
235
203
236
145
169
171
311
272
305
145
124
148
516
511
456
407
459
458
575
581
517
516
575
511
516
580
575
519
583
518
843
910
855
786
843
855
776
785
843
707
714
776
854
922
910
714
716
785
856
911
924
787
856
854
787
844
856
785
787
854
843
785
854
776
714
785
716
717
777
581
638
570
707
708
647
646
707
641
646
714
707
708
715
647
770
715
784
704
770
771
704
715
770
637
635
569
570
507
517
570
637
569
637
643
635
840
784
852
641
580
646
581
641
647
581
575
641
638
581
647
517
511
575
785
716
787
708
707
776
646
648
714
647
641
707
582
583
648
580
582
646
580
518
582
703
711
643
638
703
637
704
647
715
703
704
771
638
647
704
781
849
780
781
850
849
711
781
780
711
771
781
771
770
840
781
771
840
703
638
704
570
638
637
570
517
581
852
850
840
784
853
852
770
784
840
786
855
853
715
786
784
775
776
843
715
775
786
715
708
775
711
703
771
708
776
775
923
921
855
918
914
849
1050
985
984
1046
981
980
987
988
1055
1049
987
1053
920
921
987
852
920
917
921
988
987
853
921
920
853
855
921
1119
1120
1185
1050
1049
1115
1046
980
985
917
920
983
852
917
850
852
853
920
1049
1053
1115
1114
1050
1115
983
920
987
1049
983
987
984
917
983
847
842
780
710
642
643
918
850
917
984
918
917
980
914
918
774
713
710
506
505
447
455
404
452
457
451
511
506
457
507
447
406
457
569
506
507
400
406
357
505
446
447
568
505
506
453
446
505
512
453
513
452
402
453
349
348
303
349
397
396
351
357
311
400
405
451
351
400
357
351
356
400
446
402
396
453
402
446
576
515
512
404
401
452
354
355
403
306
309
271
457
511
517
446
396
397
405
456
451
348
396
353
303
348
307
349
396
348
357
349
311
357
397
349
406
397
357
457
406
451
447
397
406
447
446
397
232
204
199
207
232
199
240
267
232
234
233
201
238
265
231
269
268
234
198
175
205
406
400
451
274
267
240
312
274
273
313
310
274
311
305
351
272
238
237
356
405
400
305
310
351
358
394
408
313
358
359
313
312
358
310
313
356
351
310
356
305
274
310
347
314
360
346
347
395
302
301
314
346
302
347
312
273
302
399
449
450
445
408
394
857
925
911
978
912
913
977
925
992
857
912
925
1191
1174
1241
1259
1191
1241
1173
1125
1191
1125
1174
1191
1124
1108
1173
1044
1045
1109
1110
1060
1126
1125
1109
1174
1045
1060
1110
905
834
838
908
905
838
970
968
904
718
650
649
788
777
717
845
788
778
857
844
788
648
583
650
716
648
717
716
714
648
399
450
398
854
856
922
461
460
445
509
510
574
521
520
460
977
924
911
925
977
911
1109
1110
1174
1108
1059
1125
1045
1110
1109
1243
1310
1311
1190
1173
1240
1188
1124
1190
1255
1188
1256
1322
1255
1256
1257
1254
1189
1121
1122
1188
1058
1108
1124
991
1043
1058
989
991
1056
989
924
991
1125
1059
1109
854
910
843
409
360
398
398
360
350
409
445
395
395
445
394
922
856
924
651
585
639
778
788
718
646
582
648
459
407
408
448
409
398
509
461
448
510
508
572
448
450
509
449
508
510
585
586
521
521
571
585
573
572
508
636
702
640
520
519
459
461
521
460
586
584
520
651
586
585
649
650
584
461
409
448
975
909
974
1034
969
968
1100
1035
1034
1102
1100
1036
1165
1101
1100
1035
993
969
1036
1100
1034
1101
1060
1035
904
834
905
970
904
905
968
903
902
993
926
969
1045
993
1060
1045
979
993
833
773
763
902
833
834
904
902
834
904
968
902
903
858
833
574
510
572
640
574
572
571
509
574
398
393
399
443
442
503
344
370
392
443
503
449
407
359
408
405
407
456
409
395
360
359
358
408
405
359
407
356
313
359
358
312
346
346
312
302
394
346
395
394
358
346
273
240
239
301
302
264
312
313
274
273
264
302
230
263
264
239
230
264
206
197
230
302
314
347
229
208
241
350
393
398
304
350
314
304
345
350
301
275
314
343
391
345
314
350
360
395
347
360
229
263
230
208
229
197
241
263
229
262
241
228
266
275
241
304
275
266
393
350
345
314
275
304
301
263
275
245
280
246
244
245
212
279
280
245
243
277
244
319
280
279
241
208
228
207
177
206
240
207
239
199
177
207
178
208
197
104
125
102
149
177
174
126
149
148
126
127
150
197
176
178
206
239
207
197
206
176
197
229
230
175
169
148
224
223
191
289
258
255
288
289
255
331
332
289
256
222
258
291
256
258
257
251
256
290
257
291
330
290
333
330
287
290
222
223
258
251
222
256
251
219
217
227
228
196
97
120
96
74
87
96
115
139
138
87
88
111
135
139
115
163
139
161
142
167
143
164
158
138
164
185
158
158
186
167
190
185
164
219
218
186
185
217
186
251
252
219
166
141
143
165
141
166
95
98
120
1715
1655
1722
1778
1715
1722
1647
1577
1648
2323
2256
2322
2389
2323
2388
2324
2258
2323
2060
2061
2125
2596
2595
2648
2392
2458
2391
2387
2326
2391
2523
2521
2580
2522
2523
2581
2459
2460
2523
2366
2430
2392
2395
2396
2463
2431
2395
2430
2431
2365
2367
2583
2584
2526
2525
2583
2526
2394
2398
2462
2588
2587
2639
2525
2530
2583
2466
2529
2530
2530
2588
2583
2459
2458
2392
2462
2525
2526
2191
2190
2258
2639
2646
2684
2465
2473
2529
2466
2465
2529
2587
2530
2529
2525
2462
2466
2470
2402
2401
2398
2397
2465
2398
2331
2332
2398
2466
2462
2397
2404
2465
2332
2397
2398
2332
2265
2330
2131
2196
2171
2044
2066
2108
2067
2003
2004
2198
2197
2167
2131
2171
2108
2130
2196
2131
2197
2195
2132
2262
2196
2195
2262
2263
2196
2264
2262
2197
2198
2266
2197
2331
2393
2328
2263
2302
2236
2328
2393
2329
2329
2302
2263
2336
2335
2403
2265
2200
2268
2331
2264
2332
2200
2199
2267
2198
2200
2265
2266
2198
2265
2332
2266
2265
2264
2197
2266
2167
2134
2198
2134
2199
2200
2334
2297
2363
2330
2265
2268
2336
2330
2268
2397
2332
2330
2133
2164
2199
2465
2466
2398
2537
2529
2473
2536
2537
2473
2596
2639
2587
2636
2588
2640
2537
2587
2529
2636
2640
2681
2587
2588
2530
2639
2640
2588
2525
2466
2530
2594
2645
2647
2362
2298
2296
2393
2331
2394
2526
2464
2461
2328
2263
2262
2236
2300
2234
2196
2236
2171
2196
2263
2236
2277
2333
2296
2535
2593
2594
2473
2404
2472
2533
2592
2534
2593
2644
2645
2516
2518
2574
2453
2516
2452
2453
2390
2456
2386
2453
2385
2386
2325
2390
114
136
113
109
114
91
133
160
137
109
110
133
70
85
91
85
86
109
160
162
137
188
160
159
70
69
53
65
86
85
90
68
69
114
113
91
136
135
112
137
161
136
188
162
160
188
189
162
138
139
164
142
138
158
118
97
115
138
118
115
142
120
118
111
112
135
67
88
66
67
68
89
136
161
135
137
162
161
114
137
136
114
133
137
163
164
139
249
216
225
265
272
303
269
265
303
234
231
265
174
204
205
234
265
269
237
267
272
204
237
238
204
232
237
311
303
272
352
353
401
307
306
269
271
270
236
268
271
236
306
352
309
352
306
307
348
353
307
355
354
309
352
355
309
401
404
355
308
270
271
296
260
298
364
414
412
366
415
414
418
417
478
416
418
476
369
417
418
686
750
685
621
686
685
623
688
686
1023
1020
1025
196
208
195
250
226
218
253
250
252
285
299
261
208
196
228
250
218
252
196
226
227
194
167
186
192
193
226
192
166
193
168
192
195
166
167
193
266
300
304
227
262
228
192
226
196
261
299
262
287
329
286
261
262
227
226
261
227
250
285
261
326
325
299
286
326
285
328
371
326
343
300
299
343
345
304
259
284
283
260
259
225
260
296
259
297
341
298
284
324
322
321
281
320
296
284
259
279
317
319
249
283
276
322
324
367
315
322
361
317
315
361
276
283
315
500
441
439
629
692
693
673
606
671
564
563
628
501
499
563
564
501
563
540
478
501
498
489
552
500
498
562
500
489
498
324
323
368
284
323
324
284
296
323
341
323
296
298
341
296
441
388
439
499
440
500
390
388
441
389
390
441
417
389
438
342
390
389
323
342
368
341
390
342
340
388
390
411
363
361
276
242
249
94
95
119
92
72
71
117
116
94
106
127
105
75
98
95
92
75
94
71
58
76
135
161
139
120
143
119
111
88
112
97
111
115
97
87
111
217
190
223
138
142
118
167
142
158
143
120
142
163
190
164
1546
1614
1548
1472
1471
1540
1609
1610
1542
1407
1477
1406
1405
1407
1338
1405
1473
1407
1614
1615
1548
1608
1673
1602
1673
1608
1677
1602
1673
1614
1608
1679
1677
1880
1878
1812
1738
1684
1673
1899
1964
1963
1815
1882
1832
1747
1815
1765
1748
1749
1816
1749
1684
1738
1816
1749
1805
1748
1683
1749
1877
1943
1940
1830
1767
1762
1805
1738
1742
1809
1877
1873
1816
1815
1748
1817
1816
1805
1809
1810
1877
1883
1947
1882
1832
1899
1898
1815
1832
1765
1882
1899
1832
1816
1882
1815
1817
1883
1882
1747
1748
1815
1613
1612
1545
1748
1682
1683
1697
1698
1628
1682
1697
1628
1747
1763
1697
2033
2097
2096
2360
2427
2361
2359
2360
2292
2425
2426
2360
2191
2257
2189
2126
2191
2125
2258
2257
2191
820
750
751
821
820
751
1430
1431
1359
1361
1430
1359
1433
1496
1430
1494
1498
1432
1497
1565
1496
1343
1344
1414
1343
1278
1344
1413
1343
1414
1413
1345
1343
1276
1210
1212
1213
1276
1278
1213
1211
1276
881
814
883
1160
1226
1225
1096
1160
1095
1159
1226
1160
885
951
886
757
737
694
815
814
746
882
947
883
811
880
813
945
947
882
946
881
883
816
881
885
1212
1158
1225
1212
1210
1145
1290
1277
1225
1276
1344
1278
1225
1277
1212
1286
1344
1277
815
746
745
882
815
813
883
814
815
1357
1352
1290
1226
1291
1290
1358
1429
1357
1015
1013
1082
881
946
885
1211
1210
1276
1144
1082
1080
1211
1144
1143
1146
1082
1144
1214
1146
1213
1147
1085
1082
1214
1147
1146
1214
1215
1147
1143
1142
1211
1213
1146
1211
947
1012
1013
946
947
1013
883
815
882
879
811
810
878
879
810
809
878
810
876
877
942
944
945
879
1011
1078
1080
1144
1080
1143
1012
947
945
1352
1353
1286
1151
1215
1219
1016
1015
1085
1017
1016
1086
951
949
1016
1213
1278
1279
1490
1491
1559
1483
1422
1490
1422
1424
1490
1290
1352
1286
1424
1491
1490
1352
1424
1353
1423
1491
1424
1415
1351
1345
886
816
885
950
886
951
950
884
886
832
831
762
900
899
901
964
963
899
953
952
888
1020
1019
954
1021
967
1019
1155
1090
1092
1164
1153
1221
1287
1293
1230
1099
1163
1098
1098
1163
1161
1292
1359
1358
1090
1023
1092
1033
967
1021
1164
1162
1153
966
967
1033
1153
1097
1088
1088
1090
1153
1019
1088
1021
1023
1090
1088
1417
1416
1346
168
195
178
165
168
152
165
192
168
141
165
140
166
192
165
143
167
166
119
143
141
117
119
141
95
120
119
120
97
118
261
226
250
195
192
196
186
158
185
217
219
186
190
217
185
222
251
217
194
193
167
218
194
186
218
226
194
297
340
341
353
402
401
307
353
352
396
402
353
380
379
334
431
491
430
334
336
380
433
492
431
382
433
431
380
382
431
381
432
382
432
493
433
555
492
493
556
621
620
555
556
553
555
622
556
696
631
684
762
696
749
761
695
696
631
619
684
416
475
471
369
416
367
369
418
416
368
369
324
418
478
477
368
417
369
368
342
389
363
411
413
673
605
606
1158
1160
1225
1145
1158
1212
1145
1081
1094
1211
1142
1210
1096
1029
1030
1098
1096
1031
1095
1029
1096
1027
960
961
1094
1027
1029
1094
1081
1028
1077
1081
1142
1027
1028
960
1027
1094
1028
1095
1094
1029
1095
1158
1094
943
1010
942
1142
1079
1077
1078
1143
1080
1009
960
1028
944
942
1010
943
895
960
1142
1143
1079
896
829
897
672
670
604
808
877
876
760
827
757
895
877
826
960
895
896
961
960
896
1077
1079
1009
1028
1077
1009
1028
1081
1077
960
1009
943
880
879
945
882
880
945
882
813
880
809
806
876
740
809
810
827
826
757
829
827
760
895
826
827
879
878
944
806
738
807
808
876
807
826
808
807
826
877
808
1009
1079
1010
942
878
876
943
942
877
895
943
877
1009
1010
943
944
878
942
739
806
809
741
740
810
674
607
670
740
675
739
611
544
608
672
673
738
827
829
896
694
760
757
759
758
828
760
759
830
694
693
759
806
739
736
602
604
670
603
602
670
537
535
602
477
476
418
540
477
478
539
476
477
604
539
541
538
476
539
535
475
538
473
471
535
413
411
471
539
477
540
475
476
538
475
416
476
367
416
411
541
605
604
538
539
604
564
540
501
499
500
563
417
438
478
440
389
441
565
562
552
389
417
368
440
438
389
500
440
441
499
438
440
499
478
438
439
489
500
540
541
539
499
501
478
564
606
540
562
628
563
606
605
541
629
606
564
629
671
606
387
439
388
387
429
439
429
490
489
489
490
552
490
430
491
554
490
491
429
430
490
379
429
387
554
491
553
552
554
619
552
490
554
623
686
621
429
379
430
620
684
619
388
339
387
283
322
315
259
283
249
284
322
283
365
363
413
317
279
277
340
295
339
390
341
340
297
295
340
452
401
402
455
454
404
512
455
452
453
512
452
513
576
512
515
514
455
454
403
404
330
329
287
325
344
343
285
326
299
326
371
325
1239
1233
1172
979
1045
1044
846
858
913
975
970
909
1101
1035
1100
1034
970
1036
903
968
969
903
833
902
1366
1438
1437
1665
1727
1660
1525
1522
1457
1593
1525
1592
1589
1522
1525
1797
1863
1842
1794
1777
1842
1796
1865
1797
1777
1731
1797
1842
1777
1797
1727
1665
1731
1798
1733
1800
1593
1592
1664
1592
1526
1594
1664
1592
1594
1593
1589
1525
1660
1593
1665
1660
1643
1589
1324
1258
1306
1670
1669
1599
1736
1735
1671
1780
1717
1735
1100
1102
1165
1216
1169
1148
1170
1105
1168
1237
1170
1234
1237
1171
1170
1105
1103
1168
1234
1170
1168
1172
1171
1238
1107
1167
1102
1039
973
1037
1106
1040
1105
974
973
1039
908
973
974
948
906
884
1018
972
1014
971
906
948
1037
971
972
907
906
971
765
836
769
632
634
567
748
698
682
697
634
632
884
950
948
1018
1014
1084
1083
1018
1087
972
948
1014
1038
972
1018
1038
1037
972
1041
975
1040
1171
1107
1106
1036
975
1041
1190
1258
1256
1188
1190
1256
1124
1173
1190
1108
1125
1173
1043
1108
1058
1043
992
1059
1327
1371
1308
1326
1307
1371
1394
1326
1392
1325
1259
1326
1259
1241
1307
1240
1259
1306
1258
1240
1306
1173
1191
1240
1241
1242
1307
1240
1191
1259
1175
1192
1242
1174
1175
1241
1174
1110
1175
1260
1242
1192
1298
1260
1232
1298
1327
1260
1324
1390
1389
1190
1240
1258
1325
1390
1324
1259
1325
1306
1392
1463
1394
1242
1260
1308
1463
1531
1464
1034
968
970
1060
993
1035
926
903
969
969
1034
1035
634
701
700
573
566
633
567
617
632
426
376
427
486
426
427
425
375
426
479
444
419
374
329
375
1149
1083
1087
1281
1302
1236
1104
1083
1148
1170
1171
1106
1303
1237
1300
1303
1238
1237
908
837
839
973
908
907
838
834
768
908
838
837
909
970
905
1017
950
951
885
946
949
1084
1014
1017
1083
1038
1018
948
950
1014
764
766
698
615
616
550
428
377
424
484
428
424
483
484
424
548
550
487
427
378
428
487
550
486
424
377
373
372
423
373
483
547
484
333
378
376
423
483
424
422
423
372
422
482
423
456
511
451
650
583
584
853
784
786
460
408
445
584
519
520
649
584
586
583
519
584
717
648
650
518
516
458
582
518
583
580
516
518
458
456
407
519
458
459
516
456
458
844
911
856
777
844
787
857
911
844
458
519
518
460
459
408
460
520
459
409
461
445
521
586
520
1307
1326
1259
1391
1460
1390
1325
1391
1390
1461
1464
1530
1463
1464
1394
1532
1597
1530
1324
1387
1322
1460
1389
1390
1459
1458
1388
1644
1668
1596
1597
1644
1575
1711
1734
1668
1645
1711
1644
1712
1717
1775
1645
1712
1711
1645
1669
1712
1323
1321
1257
1387
1389
1459
1322
1387
1323
1324
1389
1387
1258
1324
1322
1306
1325
1324
1386
1321
1323
1526
1458
1459
1522
1574
1508
1385
1457
1455
1457
1458
1525
1388
1323
1387
1385
1321
1386
1457
1385
1386
1455
1384
1385
1456
1455
1508
1319
1374
1310
1456
1384
1455
1453
1446
1382
1189
1186
1123
1057
1120
1054
1244
1243
1311
1043
991
977
1042
989
1056
1042
990
976
1057
1042
1056
1057
990
1042
1121
1057
1056
1122
1121
1056
1058
1122
1056
1058
1124
1122
1254
1321
1320
1189
1255
1257
1186
1189
1254
1123
1187
1189
1120
1123
1186
1187
1188
1255
1121
1187
1123
1121
1188
1187
1255
1322
1257
1054
1055
988
1057
1054
990
1120
1055
1054
1121
1123
1057
1176
1244
1184
1185
1243
1176
1186
1185
1120
1186
1253
1185
1310
1374
1311
1253
1310
1243
1319
1320
1384
1382
1319
1384
1453
1382
1384
1374
1319
1382
1310
1253
1319
923
855
910
1054
988
990
1055
1053
987
976
910
922
1042
976
989
990
988
923
710
713
645
576
579
515
403
355
404
339
388
340
294
339
295
294
338
339
653
652
719
655
721
654
789
720
719
790
791
721
789
790
720
789
859
790
722
721
791
790
860
791
860
790
859
860
861
791
927
860
859
927
928
860
792
723
722
861
860
928
862
929
863
791
861
792
928
929
861
994
1061
995
997
930
931
1000
933
934
1068
1000
999
1007
940
1000
1073
1074
1068
1134
1073
1068
1138
1074
1073
1006
940
1007
793
724
723
864
794
863
931
864
863
865
797
795
864
865
795
725
726
659
793
725
724
795
797
726
794
795
725
794
864
795
932
865
930
997
932
930
935
934
867
934
933
866
594
599
533
657
594
589
662
599
594
796
729
726
797
796
726
866
800
796
729
667
662
719
720
655
862
792
861
929
862
861
863
793
862
931
863
929
996
931
929
930
864
931
930
865
864
655
654
588
719
655
653
721
722
656
720
721
655
720
790
721
792
722
791
723
658
656
927
994
928
654
656
591
653
655
588
721
656
654
1062
995
1061
1199
1265
1266
1200
1199
1266
1267
1200
1266
1135
1132
1198
1201
1135
1200
1201
1134
1135
1132
1133
1198
1261
1193
1194
1197
1195
1263
1130
1129
1196
1064
1129
1130
997
1064
1065
1063
1129
1064
1063
1062
1129
997
996
1064
998
932
997
1066
998
1067
1000
1068
1007
935
999
934
935
998
1001
997
931
996
1065
998
997
866
871
800
793
723
792
862
793
792
794
725
793
659
724
725
657
658
724
659
657
724
662
659
726
662
594
659
591
524
587
589
590
657
589
523
590
659
594
657
667
599
662
666
667
733
666
598
667
533
522
589
534
533
599
534
470
533
523
524
590
1062
1061
1127
1129
1062
1127
1063
995
1062
929
995
996
928
994
995
935
932
998
1001
999
935
1066
1001
998
1069
1068
1001
934
866
867
1001
1068
999
796
800
729
865
867
797
933
871
866
928
995
929
1127
1128
1193
589
522
523
802
732
731
800
802
733
800
871
802
940
872
871
870
936
868
799
870
868
801
872
870
732
801
730
665
732
730
731
733
802
872
939
870
594
533
589
1066
1132
1069
1001
1066
1069
1067
1133
1066
1196
1129
1193
1197
1131
1195
1065
1064
1130
998
1065
1067
1129
1127
1193
996
1063
1064
996
995
1063
1268
1269
1337
1134
1201
1138
1202
1267
1269
1201
1202
1268
1200
1267
1202
1135
1199
1200
1069
1132
1135
1198
1197
1264
1135
1198
1199
1133
1197
1198
1265
1333
1266
690
627
668
756
754
691
689
625
626
1004
1002
938
1074
1138
1137
1072
1074
1137
1007
1068
1074
1070
1002
1004
1072
1071
1004
1089
1075
1140
1136
1204
1139
1071
1136
1070
1004
1071
1070
1072
1137
1071
1203
1272
1204
1136
1203
1204
1137
1138
1205
1272
1340
1271
1275
1340
1342
1341
1274
1342
1204
1272
1271
1193
1128
1194
1261
1328
1329
1193
1261
1196
1194
1262
1261
1130
1131
1065
1261
1263
1196
1132
1066
1133
1068
1069
1134
999
1000
934
794
793
863
591
587
654
590
591
658
590
524
591
654
587
588
723
656
722
658
591
656
724
658
723
657
590
658
1332
1331
1400
1195
1196
1263
1133
1131
1197
1130
1196
1195
1328
1261
1262
1006
939
940
1334
1333
1402
1335
1334
1403
1335
1267
1334
1198
1265
1199
1131
1130
1195
1067
1131
1133
1067
1065
1131
1264
1265
1198
1263
1264
1197
1263
1331
1264
1401
1400
1469
1333
1401
1402
1332
1400
1401
1264
1332
1265
1331
1329
1397
1264
1331
1332
1263
1329
1331
1330
1396
1328
1396
1398
1467
1328
1396
1329
1263
1261
1329
1262
1330
1328
1330
1398
1396
1397
1467
1400
533
470
522
598
597
532
599
598
534
666
597
598
731
666
733
731
664
666
469
470
534
667
598
599
732
665
731
532
469
534
531
532
597
468
469
532
598
532
534
1205
1138
1201
1272
1205
1268
1203
1137
1205
1071
1137
1136
1072
1006
1074
1203
1136
1137
1005
1072
1004
1006
1007
1074
1134
1069
1135
1398
1399
1468
1474
1466
1535
1543
1603
1536
1601
1543
1535
1601
1611
1543
1537
1468
1474
1604
1539
1538
1468
1399
1466
1467
1468
1537
1467
1398
1468
531
530
467
532
531
468
597
664
596
530
466
467
528
593
592
595
528
529
595
593
528
727
661
728
595
529
530
660
593
661
727
660
661
669
600
660
592
525
528
525
465
529
528
525
529
592
526
527
1609
1606
1676
1679
1607
1678
1540
1606
1609
1469
1470
1402
1536
1603
1605
1537
1536
1605
1474
1543
1536
1539
1470
1538
1540
1539
1606
1540
1471
1539
1603
1543
1611
592
527
525
495
559
494
462
497
437
561
559
496
1611
1601
1672
1739
1674
1740
1605
1538
1537
1474
1536
1537
1603
1675
1605
1681
1672
1737
1674
1681
1740
1611
1672
1681
1746
1681
1737
1804
1814
1746
1741
1743
1676
1739
1741
1675
1603
1674
1675
1740
1806
1739
1806
1808
1741
462
410
463
464
527
463
526
560
497
434
435
495
462
437
410
497
560
561
437
497
496
462
526
497
437
496
436
410
437
386
561
626
559
559
625
558
600
601
560
689
752
687
557
555
493
625
557
558
622
555
557
1023
1088
1020
1097
1033
1088
967
952
1019
900
967
966
953
888
889
901
952
967
901
887
952
672
604
605
673
672
605
607
603
670
743
741
811
679
743
745
679
677
743
812
744
814
670
736
674
681
680
746
675
611
608
674
675
608
740
677
675
809
740
739
677
679
613
811
741
810
879
880
811
809
876
878
1011
1012
945
813
745
743
679
614
613
610
677
613
745
680
679
615
614
680
546
483
482
544
546
482
610
613
546
487
427
428
610
546
544
473
474
415
471
473
413
537
474
473
538
602
535
536
474
537
603
536
537
608
542
607
736
672
738
674
736
739
675
674
739
608
607
674
670
672
736
546
547
483
546
613
547
675
677
611
677
741
743
611
677
610
740
741
677
614
547
613
480
472
536
608
544
542
422
472
480
472
414
474
542
480
536
422
412
472
415
474
414
415
413
473
327
372
373
327
362
372
749
685
750
832
901
899
820
887
819
820
888
887
696
695
631
1343
1279
1278
1284
1219
1280
1345
1284
1280
1285
1219
1284
1350
1285
1351
1421
1350
1351
1349
1283
1285
1420
1349
1350
1420
1419
1349
1283
1217
1220
1016
1017
951
1147
1151
1085
1084
1017
1086
1018
1084
1087
1277
1276
1212
1279
1280
1214
1213
1279
1214
1343
1345
1279
1415
1345
1413
1351
1284
1345
949
951
885
883
947
946
1015
1016
949
1016
1085
1086
1013
1015
949
946
1013
949
1012
1082
1013
1082
1085
1015
1080
1082
1012
1144
1211
1146
1150
1219
1152
1085
1151
1086
1215
1280
1219
1147
1215
1151
1214
1280
1215
1277
1290
1286
1098
1159
1096
1032
1098
1031
965
1032
1031
966
1033
1032
1229
1294
1228
1099
1033
1097
1230
1293
1295
1296
1230
1295
1164
1221
1230
1226
1290
1225
1161
1226
1159
1098
1161
1159
1228
1292
1227
1292
1294
1359
1226
1227
1291
1228
1294
1292
1291
1292
1358
602
538
604
473
535
537
471
475
535
411
416
471
1146
1147
1082
745
813
815
680
745
746
680
614
679
694
737
671
362
364
412
367
324
369
553
556
620
751
753
821
493
494
558
334
293
292
380
431
430
379
380
430
336
381
382
436
386
437
495
436
496
559
495
496
494
434
495
385
386
436
1875
1874
1807
1881
1875
1814
435
434
384
436
435
385
436
495
435
433
493
492
491
431
492
384
434
432
383
384
337
434
493
432
385
435
383
494
493
434
2072
2138
2137
2008
2072
2071
2012
2075
2072
1946
2012
2008
2075
2138
2072
2069
2075
2012
2069
2135
2075
1605
1675
1604
1535
1543
1474
1674
1739
1675
1611
1674
1603
1611
1681
1674
2012
1946
2005
1942
1941
2007
1881
1939
1946
384
383
435
2411
2479
2410
2475
2411
2406
2480
2479
2411
2073
2071
2137
2137
2071
2072
2203
2137
2138
2271
2203
2206
2271
2270
2204
2202
2270
2208
2077
2136
2144
2140
2203
2204
2272
2341
2273
2406
2407
2475
2407
2340
2408
2339
2407
2406
2339
2338
2407
2270
2338
2275
2270
2271
2338
2341
2408
2340
2011
1944
1945
2077
2144
2143
2070
2077
2014
2070
2136
2077
2006
2070
2014
1948
2006
2014
1940
1943
2006
2136
2074
2140
2010
2074
2070
2010
2011
2074
2137
2139
2073
2204
2270
2202
2140
2204
2202
2136
2140
2202
2139
2203
2140
2203
2271
2204
2144
2207
2143
2073
2011
2009
2203
2139
2137
2202
2208
2144
2272
2206
2205
2341
2272
2276
2273
2206
2272
2077
2143
2076
1945
2009
2011
2007
2008
2071
1942
2007
2009
1814
1807
1746
1942
1875
1941
1942
1874
1875
2075
2135
2141
2232
2201
2269
2142
2205
2206
2141
2135
2201
2142
2141
2205
2138
2075
2141
432
381
384
1879
1880
1813
2142
2138
2141
2203
2142
2206
2203
2138
2142
2007
2071
2009
2008
2012
2072
1941
2008
2007
2005
2069
2012
2551
2603
2609
2617
2558
2609
2487
2417
2478
2417
2350
2410
2359
2349
2417
2360
2359
2425
2292
2291
2359
2282
2350
2349
2542
2543
2603
2487
2542
2551
2479
2543
2542
1947
2013
1964
1873
1940
1883
1873
1877
1940
1805
1873
1817
1809
1742
1810
1805
1809
1873
1805
1742
1809
1810
1878
1877
1943
2010
2006
1944
2010
1943
1947
1964
1899
1882
1947
1899
1883
1948
1947
2076
2091
2029
2077
2076
2014
2143
2091
2076
2093
2158
2159
2014
2076
2013
2143
2157
2091
2275
2274
2208
2543
2479
2480
2342
2274
2275
2029
2028
1964
2158
2093
2091
2159
2097
2092
2275
2208
2270
2273
2340
2338
2271
2273
2338
2271
2206
2273
2223
2281
2282
2339
2342
2275
2343
2410
2342
2273
2341
2340
2205
2232
2272
2269
2337
2299
2540
2541
2600
2476
2540
2539
2476
2477
2540
2364
2405
2429
2544
2543
2480
2599
2544
2539
2540
2599
2539
2600
2652
2599
2602
2655
2603
2599
2602
2544
2652
2655
2602
2602
2603
2544
2697
2655
2652
2659
2609
2655
2359
2417
2425
2406
2411
2343
2542
2603
2551
2708
2665
2664
2539
2475
2476
2223
2158
2157
2207
2274
2212
2291
2292
2225
2223
2291
2224
2282
2349
2291
2349
2359
2291
2426
2496
2427
2551
2495
2487
2556
2555
2491
2496
2556
2491
2558
2617
2614
2551
2558
2495
2617
2665
2614
2616
2665
2618
2492
2494
2557
2493
2492
2557
2422
2423
2492
2556
2496
2558
2224
2158
2223
2281
2342
2350
2282
2281
2350
2212
2274
2281
2281
2274
2342
2157
2212
2223
2157
2207
2212
2207
2208
2274
2539
2544
2480
2558
2551
2609
2408
2476
2475
2344
2409
2341
2412
2477
2409
2615
2609
2659
2664
2615
2659
2617
2609
2615
2212
2281
2223
2410
2350
2342
2411
2410
2343
2478
2542
2487
2410
2478
2417
2479
2542
2478
2417
2487
2425
2350
2417
2349
2410
2479
2478
2295
2226
2227
2294
2295
2228
2225
2294
2228
2292
2360
2294
2361
2358
2293
2614
2665
2616
2556
2614
2616
2556
2558
2614
2418
2419
2488
2351
2418
2415
2351
2353
2418
2490
2420
2422
2419
2355
2421
2288
2354
2355
2490
2422
2493
2355
2420
2421
2420
2354
2356
2421
2420
2490
2355
2354
2420
2352
2288
2355
2357
2358
2423
2289
2357
2356
2289
2290
2357
2553
2490
2493
2554
2553
2493
2552
2488
2489
2220
2219
2287
2221
2226
2290
2554
2612
2613
2422
2492
2493
2427
2491
2424
2425
2487
2495
2613
2661
2662
2555
2616
2557
2618
2661
2612
2224
2162
2159
2360
2361
2294
2161
2160
2095
2225
2228
2162
2291
2225
2224
2292
2294
2225
2162
2228
2163
2159
2162
2097
2224
2225
2162
2158
2224
2159
2223
2282
2291
2027
1968
1962
2028
2027
1963
2028
2092
2027
2027
2092
2033
2013
2029
1964
2093
2092
2028
2096
2094
2032
336
292
335
336
334
292
381
336
335
336
382
380
379
338
334
2409
2477
2476
2276
2299
2344
2405
2474
2429
2474
2538
2498
623
556
622
439
429
489
338
293
334
339
338
387
294
293
338
2205
2141
2201
1138
1073
1134
1003
1006
1072
799
798
728
801
870
799
937
938
873
869
937
873
936
1003
937
1005
938
937
1072
1005
1003
1004
938
1005
798
727
728
803
875
804
868
869
798
873
875
805
936
937
869
938
941
873
803
804
755
735
803
734
669
735
734
727
798
735
805
875
803
941
890
874
874
894
825
874
890
894
875
874
804
875
941
874
1008
1076
1075
941
1008
955
1002
1070
1008
1022
1024
956
1008
1070
1076
1093
1025
1026
1089
1091
1024
1091
1156
1093
1093
1157
1092
668
691
690
892
891
822
823
892
822
753
823
822
752
754
823
893
959
892
824
893
892
825
894
893
957
959
894
824
892
823
754
824
823
756
825
824
755
756
691
825
893
824
958
891
959
954
889
891
751
750
686
753
751
688
821
888
820
889
821
822
891
889
822
953
1019
952
954
953
889
954
1019
953
889
888
821
627
561
560
669
734
668
752
823
753
688
752
753
754
690
691
756
755
825
754
689
690
824
754
756
752
689
754
687
624
689
688
687
752
688
623
687
624
625
689
668
734
691
601
668
627
560
601
627
600
669
601
805
735
798
691
734
755
669
727
735
601
669
668
660
592
593
804
874
825
735
805
803
799
730
801
798
799
868
728
730
799
941
955
890
873
941
875
938
1002
941
892
959
891
804
825
755
894
959
893
801
732
802
939
936
870
940
939
872
1003
936
939
664
597
666
665
664
731
728
663
730
663
595
596
730
663
665
728
661
663
663
661
595
869
873
805
798
869
805
868
936
869
1003
1005
937
1002
1008
941
529
465
466
727
669
660
527
462
463
525
527
464
526
462
527
560
526
592
497
561
496
665
663
664
593
595
661
530
596
595
466
530
529
467
468
531
802
872
801
802
871
872
729
800
733
667
729
733
662
726
729
867
865
932
935
867
932
866
797
867
796
797
866
726
725
795
939
1006
1003
933
940
871
933
1000
940
663
596
664
531
596
530
531
597
596
1806
1741
1739
554
553
620
381
337
384
433
382
432
335
337
381
554
620
619
492
553
491
492
555
553
558
557
493
686
688
751
556
623
621
622
687
623
2429
2474
2498
2481
2429
2498
2412
2364
2429
1480
1411
1410
1546
1480
1477
1548
1479
1480
2364
2337
2405
2344
2364
2412
2409
2344
2412
2341
2276
2344
2299
2337
2364
2344
2299
2364
2276
2232
2299
1676
1675
1741
1680
1676
1743
1745
1680
1743
1678
1610
1680
1745
1744
1679
1811
1745
1743
1811
1813
1745
1407
1476
1477
1540
1542
1472
1541
1476
1473
1542
1541
1473
1472
1542
1473
1540
1609
1542
1607
1602
1541
1610
1607
1541
1680
1610
1609
1678
1607
1610
1608
1602
1607
1606
1675
1676
1407
1473
1476
1336
1405
1338
1404
1472
1405
1542
1610
1541
1546
1477
1476
1470
1403
1402
1539
1471
1470
1676
1680
1609
1541
1602
1546
1404
1403
1471
1404
1405
1336
1273
1339
1270
1207
1273
1206
1140
1075
1141
1154
1140
1207
1154
1089
1140
1275
1342
1274
1209
1275
1274
1271
1340
1275
1341
1409
1339
1274
1341
1273
1342
1411
1412
1406
1410
1340
1480
1479
1412
1602
1614
1546
1412
1409
1341
1615
1547
1548
1548
1547
1479
1337
1269
1336
1340
1337
1406
1202
1201
1200
1272
1268
1337
1272
1203
1205
1474
1468
1466
1538
1469
1537
1334
1402
1403
1333
1332
1401
1397
1329
1396
1467
1397
1396
1400
1331
1397
1469
1400
1467
1537
1469
1467
1538
1470
1469
1333
1265
1332
1946
1941
1881
2005
1946
1939
2008
1941
1946
1879
1876
1942
1744
1745
1812
1743
1741
1808
1746
1740
1681
1804
1746
1737
1807
1740
1746
1814
1875
1807
1872
1814
1804
1881
1941
1875
1872
1881
1814
1872
1939
1881
1874
1806
1807
1876
1811
1808
1945
1879
1942
1945
1880
1879
1806
1740
1807
379
387
338
644
578
579
514
515
578
514
454
455
3040
3042
3041
3039
3037
3040
3038
3039
3041
3034
3035
3039
3038
3034
3039
3040
3041
3039
3025
3028
3034
3024
3025
3032
3016
3019
3025
3035
3034
3028
3031
3037
3035
3022
3030
3031
3029
3036
3030
3036
3040
3037
3038
3033
3034
3012
3007
3001
3002
3013
3012
2986
3002
3000
3011
3013
3002
3021
3027
3017
3024
3032
3023
3015
3024
3023
3014
3015
3023
3006
3016
3015
3016
3025
3024
3018
3007
3017
3008
2997
3010
3009
3008
3019
3009
3003
2995
2996
3007
3010
2997
2996
3010
2959
2978
2979
2959
2946
2966
2985
3001
2996
3025
3033
3032
3014
3005
3015
3005
2994
3006
3004
3005
3014
2993
2994
3005
3003
3009
3006
2994
3003
3006
2977
2979
2995
3035
3027
3031
3025
3019
3028
3017
3012
3021
3018
3017
3027
3007
3012
3017
2997
2978
2996
3019
3008
3010
2995
3003
2991
2997
2995
2979
3008
3009
2995
3001
2999
3012
3013
3021
3012
3000
3002
3012
3011
3020
3013
3030
3036
3037
3022
3029
3030
3013
3022
3021
3020
3029
3022
2990
2976
2973
2990
3003
2994
2977
2991
2974
2977
2995
2991
3006
3015
3005
3024
3015
3016
2993
2976
2994
3004
2993
3005
3004
2992
2993
3022
3013
3020
2999
3000
3012
2982
2963
2964
2999
2982
2983
2981
2963
2982
2967
2965
2984
2961
2963
2981
2948
2944
2927
2968
2948
2960
2968
2964
2948
2984
2981
2999
2961
2943
2963
2998
3011
3002
2992
2975
2993
2986
2998
3002
2975
2992
2987
2972
2971
2989
2951
2931
2934
2953
2972
2954
2970
2952
2951
2954
2970
2951
2988
2969
2970
2976
2993
2975
2968
2960
2980
2986
2968
2980
2983
2982
2964
2982
2999
2981
2964
2968
2983
2944
2964
2963
2944
2948
2964
2986
3000
2983
2952
2933
2951
2890
2913
2911
2861
2889
2863
2912
2933
2913
2940
2948
2927
2890
2863
2889
2913
2890
2889
2909
2911
2930
2909
2887
2911
2862
2863
2890
2927
2923
2905
2960
2948
2940
2944
2923
2927
2986
2983
2968
2998
2986
2980
3000
2999
2983
2922
2920
2900
2961
2941
2943
2942
2924
2921
2981
2962
2961
2878
2883
2881
2962
2945
2942
2961
2962
2942
2981
2984
2965
2949
2947
2929
2884
2908
2903
2965
2949
2945
2962
2965
2945
2962
2981
2965
2984
3001
2985
2875
2847
2853
2843
2870
2840
2900
2872
2873
2900
2897
2872
2946
2926
2947
2939
2946
2959
2925
2926
2946
2897
2870
2872
2920
2897
2900
2898
2870
2897
2924
2945
2928
2902
2924
2907
2942
2945
2924
2871
2869
2898
2897
2920
2898
2877
2901
2873
2922
2943
2941
2901
2923
2922
2873
2901
2900
2905
2919
2927
2877
2905
2901
2877
2896
2905
2919
2940
2927
2877
2868
2896
2843
2872
2870
2812
2843
2840
2819
2786
2807
2843
2813
2844
2812
2778
2779
2877
2873
2849
2919
2905
2896
2905
2923
2901
2923
2944
2943
2808
2810
2776
2809
2839
2808
2844
2872
2843
2812
2813
2843
2849
2873
2844
2870
2869
2840
2841
2810
2839
2797
2798
2765
2848
2837
2818
2875
2848
2847
2876
2895
2867
2649
2679
2634
2619
2650
2597
2689
2731
2719
2650
2695
2649
2730
2731
2689
2634
2644
2592
2767
2800
2787
2768
2732
2754
2806
2805
2771
2866
2836
2837
2835
2805
2836
2830
2829
2858
2818
2785
2817
2771
2772
2806
2799
2771
2805
2766
2736
2771
2766
2730
2736
2799
2766
2771
2800
2799
2829
2767
2766
2799
2736
2709
2750
2771
2736
2772
2730
2695
2736
2695
2709
2736
2689
2695
2730
2650
2667
2695
2597
2650
2649
2619
2641
2667
2687
2641
2642
2695
2667
2709
2650
2619
2667
2401
2428
2469
2482
2413
2414
2229
2277
2296
2298
2231
2296
2166
2209
2229
2209
2210
2277
2561
2532
2590
2582
2592
2533
2649
2634
2597
2679
2644
2634
2596
2537
2595
2687
2642
2686
2667
2687
2710
2667
2641
2687
2589
2561
2590
2559
2589
2619
2559
2497
2531
2590
2642
2641
2749
2764
2784
2687
2727
2710
2688
2729
2727
2818
2817
2848
2806
2818
2837
2806
2785
2818
2733
2735
2694
2690
2732
2691
2644
2690
2645
2644
2679
2690
2768
2802
2769
2732
2768
2733
2691
2732
2733
2719
2731
2754
2732
2719
2754
2679
2649
2689
2787
2801
2768
2830
2831
2801
2831
2861
2833
2801
2831
2802
2768
2801
2802
2787
2800
2801
2830
2860
2831
2593
2592
2644
2943
2944
2963
2942
2941
2961
2922
2900
2901
2943
2922
2923
2941
2920
2922
2914
2931
2910
2914
2934
2931
2891
2914
2910
2891
2892
2914
2886
2891
2910
2916
2894
2917
2892
2894
2916
2866
2837
2867
2893
2866
2867
2865
2836
2866
2935
2953
2954
2914
2892
2915
2892
2916
2915
2937
2955
2936
2954
2972
2970
2934
2954
2951
2934
2935
2954
2975
2971
2956
2972
2988
2970
2971
2972
2953
2989
2988
2972
2950
2952
2969
2953
2935
2956
2933
2931
2951
2933
2912
2931
2950
2932
2952
2932
2930
2911
2952
2932
2933
2950
2930
2932
2888
2860
2886
2889
2888
2912
2861
2860
2888
2731
2766
2767
2829
2830
2800
2767
2799
2800
2910
2931
2912
2864
2891
2886
2864
2865
2891
2915
2935
2934
2914
2915
2934
2865
2892
2891
2865
2894
2892
2936
2935
2915
2860
2830
2858
2860
2861
2831
2910
2888
2886
2831
2833
2802
2863
2833
2861
2887
2862
2890
2885
2887
2909
2885
2859
2887
2859
2880
2855
2685
2684
2724
2640
2639
2684
2636
2584
2583
2682
2637
2681
2682
2638
2637
2459
2523
2522
2460
2521
2523
2430
2460
2459
2463
2521
2460
2395
2463
2460
2367
2329
2395
2431
2367
2395
2302
2329
2367
2393
2461
2396
2528
2526
2584
2396
2464
2463
2396
2461
2464
2528
2464
2526
2596
2646
2639
2648
2646
2596
2647
2648
2595
2694
2735
2693
2648
2694
2693
2647
2691
2694
2693
2734
2692
2646
2693
2692
2648
2647
2694
2770
2803
2804
2735
2770
2734
2769
2803
2770
2768
2769
2733
2802
2803
2769
2800
2830
2801
2834
2862
2832
2833
2834
2803
2833
2863
2834
2795
2770
2804
2844
2873
2872
2868
2849
2838
2868
2877
2849
2911
2887
2890
2844
2819
2849
2956
2976
2975
2971
2953
2956
2987
2971
2975
2987
2989
2971
2925
2918
2904
2969
2952
2970
3001
2984
2999
3009
3016
3006
2995
2997
3008
2959
2979
2977
2978
2997
2979
3019
3016
3009
3018
3026
3019
3007
3018
3010
3027
3026
3018
3026
3035
3028
3010
3018
3019
3027
3035
3026
3026
3028
3019
3031
3030
3037
3021
3031
3027
3021
3022
3031
3037
3039
3035
3034
3033
3025
2967
2949
2965
2985
2967
2984
2985
2966
2967
3007
2996
3001
2959
2957
2939
2966
2978
2959
2949
2967
2947
2985
2978
2966
2977
2957
2959
2973
2955
2974
2947
2926
2929
2958
2937
2938
2957
2958
2938
2974
2955
2958
2991
3003
2990
2955
2956
2936
2958
2955
2937
2973
2956
2955
2990
2973
2974
2991
2990
2974
2994
2976
2990
2976
2956
2973
2904
2903
2926
2939
2918
2925
2876
2903
2904
2835
2865
2864
2805
2835
2829
2799
2805
2829
2806
2837
2836
2805
2806
2836
2772
2785
2806
2836
2865
2835
2886
2860
2858
2864
2886
2858
2910
2912
2888
2689
2719
2679
2766
2731
2730
2767
2787
2754
2871
2846
2842
2823
2797
2793
2879
2853
2856
2825
2847
2817
2828
2825
2798
2853
2847
2825
2856
2853
2828
2884
2879
2881
2884
2875
2879
2853
2825
2828
2848
2817
2847
2876
2867
2848
2904
2895
2876
2866
2894
2865
2918
2917
2895
2916
2936
2915
2893
2917
2894
2937
2936
2916
2835
2864
2858
2817
2798
2825
2748
2707
2708
2746
2780
2744
2783
2782
2747
2816
2814
2782
2846
2845
2816
2842
2846
2815
2811
2842
2815
2841
2871
2842
2871
2874
2846
2851
2878
2856
2607
2658
2657
2607
2608
2658
2635
2605
2657
2484
2547
2482
2415
2416
2414
2548
2608
2549
2549
2547
2484
2657
2606
2607
2546
2547
2606
2546
2483
2547
2611
2553
2554
2613
2611
2554
2610
2608
2552
2746
2747
2782
2661
2705
2662
2706
2747
2746
2663
2706
2705
2663
2707
2706
2744
2720
2702
2662
2705
2704
2780
2788
2755
2783
2816
2782
2780
2755
2744
2773
2807
2786
2762
2763
2726
2770
2795
2762
2804
2832
2826
2855
2827
2826
2827
2822
2796
2826
2827
2796
2854
2850
2827
2889
2861
2888
2913
2932
2911
2912
2913
2889
2933
2932
2913
2862
2834
2863
2692
2726
2724
2684
2692
2724
2646
2648
2693
2754
2787
2768
2690
2719
2732
2731
2767
2754
2773
2751
2737
2834
2804
2803
2859
2832
2862
2859
2855
2832
2743
2701
2711
2779
2743
2751
2742
2739
2701
2774
2740
2738
2739
2774
2738
2775
2808
2774
2742
2778
2775
2654
2656
2698
2743
2778
2742
2809
2808
2775
2769
2770
2735
2833
2803
2802
2855
2880
2854
2827
2855
2854
2795
2826
2796
2795
2804
2826
2763
2795
2796
2804
2834
2832
2859
2885
2880
2826
2832
2855
2862
2887
2859
2759
2760
2725
2796
2791
2763
2822
2792
2791
2821
2792
2822
2821
2820
2792
2692
2684
2646
2763
2759
2726
2725
2685
2724
2779
2751
2786
2813
2779
2786
2778
2743
2779
2809
2778
2812
2775
2774
2739
2739
2698
2701
2775
2739
2742
2738
2698
2739
2700
2738
2740
2700
2697
2738
2711
2696
2737
2751
2711
2737
2701
2668
2711
2742
2701
2743
2656
2620
2668
2697
2652
2653
2699
2655
2697
2697
2653
2698
2604
2620
2656
2759
2725
2724
2711
2751
2743
2758
2756
2723
2757
2758
2722
2789
2756
2758
2936
2956
2935
2867
2895
2893
2894
2866
2893
2837
2848
2867
2958
2977
2974
2958
2957
2977
2917
2938
2937
2916
2917
2937
2893
2895
2917
2939
2957
2938
2918
2939
2938
2917
2918
2938
2895
2904
2918
2925
2946
2939
2966
2947
2967
2996
2978
2985
2884
2903
2875
2908
2929
2926
2906
2908
2884
2906
2928
2908
2883
2857
2882
2906
2883
2907
2878
2857
2883
2928
2929
2908
2907
2928
2906
2881
2883
2906
2902
2920
2921
2945
2929
2928
2908
2926
2903
2881
2906
2884
2945
2949
2929
2966
2946
2947
2925
2904
2926
2759
2791
2760
2726
2759
2724
2763
2791
2759
2820
2790
2792
2790
2757
2760
2792
2790
2760
2820
2789
2790
1449
1377
1448
2188
2127
2192
1862
1861
1794
1863
1862
1842
1928
1927
1862
1792
1795
1860
1729
1728
1793
1792
1729
1795
1320
1321
1385
1384
1320
1385
1254
1257
1321
1319
1254
1320
1253
1186
1254
1574
1524
1508
1658
1661
1726
1659
1658
1726
1722
1659
1725
1722
1655
1659
1659
1588
1658
1648
1655
1715
1588
1585
1523
1663
1662
1591
1660
1663
1643
1729
1662
1663
1648
1715
1647
1578
1519
1585
1590
1661
1658
1585
1519
1523
1655
1585
1588
1648
1577
1578
1524
1591
1590
1508
1524
1456
1662
1661
1590
1591
1662
1590
1591
1643
1663
1726
1661
1729
1725
1786
1722
1786
1853
1843
1778
1786
1843
1725
1790
1786
1655
1588
1659
1791
1850
1858
1725
1791
1790
1726
1792
1791
1857
1921
1853
1725
1659
1726
1661
1662
1729
1445
1373
1446
2192
2127
2189
2239
2238
2175
2174
2123
2188
2062
2058
1998
991
1058
1056
992
1043
977
1059
1044
1109
1043
1059
1108
992
1044
1059
1446
1374
1382
922
924
989
1728
1727
1794
1793
1728
1794
1861
1793
1794
1795
1729
1793
1729
1663
1728
779
846
845
709
779
778
651
709
718
586
651
649
639
640
705
705
640
706
841
858
846
772
841
779
773
833
841
763
773
706
699
763
702
834
833
763
841
846
779
926
858
903
926
979
913
992
925
978
857
845
912
699
702
636
633
699
636
700
767
768
837
767
769
839
837
769
836
839
769
907
908
839
908
909
905
834
763
768
837
838
767
833
858
841
913
912
846
926
913
858
979
978
913
993
979
926
978
925
912
1044
978
979
1044
992
978
718
717
650
651
718
649
709
778
718
845
778
779
845
857
788
912
845
846
777
787
716
718
788
717
788
844
777
481
479
421
485
481
425
426
485
425
486
549
485
543
551
488
479
543
488
545
609
543
612
545
549
616
612
549
550
616
549
615
680
681
551
618
617
545
543
481
817
748
747
906
835
884
766
697
698
835
766
764
765
697
766
835
836
766
907
836
906
907
839
836
567
504
551
682
632
617
769
701
765
769
767
700
768
767
838
699
768
763
699
700
768
633
700
699
701
769
700
698
632
682
764
698
748
697
632
698
701
697
765
701
634
697
551
617
567
488
551
504
502
442
444
566
502
504
566
508
503
479
481
543
444
479
488
504
444
488
419
420
479
442
419
444
442
443
392
504
502
444
392
391
344
419
392
370
443
391
392
421
425
481
609
612
676
543
609
551
545
612
609
618
609
676
683
618
676
682
617
618
835
764
818
836
835
906
836
765
766
683
748
682
881
812
814
818
817
886
884
818
886
884
835
818
747
812
816
683
747
748
742
676
678
812
742
744
683
676
742
817
747
816
886
817
816
764
748
817
618
551
609
742
747
683
812
881
816
399
443
449
391
399
393
391
443
399
567
634
633
706
702
763
772
706
773
640
702
706
574
640
639
572
573
640
571
639
585
509
571
521
461
509
521
450
449
510
509
450
510
448
398
450
574
639
571
705
772
709
772
779
709
705
706
772
651
705
709
651
639
705
773
841
772
420
370
371
1218
1148
1149
1217
1218
1149
1087
1152
1149
1285
1350
1349
1282
1216
1218
1103
1038
1104
972
971
948
1104
1038
1083
1037
973
971
1103
1037
1038
1103
1039
1037
426
375
376
545
481
485
421
374
425
1460
1459
1389
1530
1464
1532
1529
1509
1575
1461
1394
1464
1325
1394
1391
1325
1326
1394
1529
1596
1595
1231
1165
1167
1172
1233
1167
1232
1192
1166
1235
1301
1300
1104
1148
1169
1236
1282
1281
1169
1216
1235
1234
1169
1235
1168
1104
1169
1148
1218
1216
1236
1301
1235
1302
1366
1301
1346
1302
1281
1281
1347
1346
1282
1283
1348
1419
1487
1418
1416
1367
1346
1366
1365
1301
1347
1417
1346
1486
1417
1418
1554
1486
1487
1485
1417
1486
1485
1416
1417
2497
2524
2469
1894
1826
1827
1892
1894
1827
1959
1893
1894
2023
1959
2024
1957
1891
1893
2634
2592
2582
1826
1758
1827
1892
1958
1894
1825
1756
1757
1826
1825
1757
1891
1823
1825
1893
1891
1825
1894
1893
1826
1959
1957
1893
2022
1957
2023
1956
1890
1891
2022
1956
1957
2018
2082
2084
1956
2018
1951
2022
2082
2018
1823
1818
1754
2591
2643
2642
1934
1933
1868
1863
1797
1866
1796
1732
1798
2191
2126
2190
1589
1593
1660
1574
1589
1643
1574
1522
1589
1253
1254
1319
1508
1455
1522
1304
1238
1303
1304
1239
1238
1365
1437
1368
1364
1299
1305
1233
1231
1167
1299
1233
1239
1297
1298
1232
1299
1297
1233
1299
1363
1297
1435
1363
1364
1371
1392
1326
1308
1371
1307
1242
1308
1307
1260
1327
1308
1393
1392
1371
1232
1231
1297
1172
1238
1239
1777
1794
1727
1997
1996
1929
2459
2522
2458
2430
2459
2392
2430
2395
2460
2623
2581
2633
2636
2637
2584
2588
2636
2583
2681
2637
2636
2578
2522
2581
1734
1800
1733
1781
1847
1845
1717
1781
1775
1780
1846
1781
1868
1800
1799
2693
2735
2734
2594
2647
2595
2691
2733
2694
2645
2691
2647
2645
2690
2691
2593
2645
2594
2690
2679
2719
2638
2682
2683
2717
2675
2683
2585
2528
2586
2685
2681
2640
2684
2685
2640
2725
2721
2685
2721
2682
2681
2685
2721
2681
2758
2790
2789
2725
2757
2721
2725
2760
2757
2519
2575
2517
2520
2519
2457
2520
2577
2519
2319
2369
2384
2187
2238
2254
2305
2369
2304
2239
2305
2304
2238
2239
2304
2174
2188
2240
2255
2320
2321
2305
2239
2240
1994
1983
1926
2110
2046
2111
2173
2110
2111
2122
2057
2110
1993
1983
2046
2057
1993
2046
2121
2057
2122
2055
1991
1993
1991
1923
1925
2189
2125
2191
2192
2189
2257
2259
2192
2257
2255
2188
2192
2127
2124
2189
1998
1994
1930
2123
2058
2062
2127
2123
2062
2174
2111
2123
2046
1994
2058
2124
2125
2189
2062
2124
2127
2060
2125
2124
2452
2385
2453
2514
2452
2515
2572
2514
2515
2574
2573
2515
2624
2571
2572
2571
2513
2514
2435
2385
2452
2192
2259
2255
2323
2258
2256
2819
2844
2813
2786
2819
2813
2838
2849
2819
2774
2808
2776
2778
2809
2775
2812
2840
2809
2779
2813
2812
2773
2786
2751
2807
2838
2819
2869
2841
2839
2840
2869
2839
2870
2898
2869
2823
2828
2797
2788
2794
2793
2881
2879
2856
2907
2924
2928
2899
2902
2874
2871
2899
2874
2898
2920
2899
2921
2941
2942
2902
2921
2924
2920
2941
2921
2875
2876
2848
2879
2875
2853
2903
2876
2875
2707
2747
2706
2745
2748
2708
2781
2815
2783
1249
1181
1184
2810
2842
2811
2746
2744
2704
2706
2746
2705
2782
2780
2746
2744
2702
2704
2755
2720
2744
2761
2755
2788
2761
2728
2755
2712
2670
2680
2642
2590
2591
2686
2642
2643
2688
2686
2643
2727
2687
2686
2710
2709
2667
2663
2661
2618
2707
2663
2666
2708
2707
2666
2748
2747
2707
2705
2746
2704
2605
2591
2546
2680
2635
2657
2670
2643
2635
2688
2670
2712
2643
2591
2605
2688
2643
2670
2688
2727
2686
2026
1961
2025
2089
2026
2025
2086
2021
2026
2152
2086
2090
2155
2156
2090
2219
2154
2153
2666
2663
2618
2222
2221
2290
2356
2354
2289
2156
2221
2222
2152
2156
2218
2152
2090
2156
2026
2090
2086
2155
2160
2221
2089
2155
2090
2089
2095
2155
2031
2089
2025
2163
2161
2096
2663
2705
2661
2702
2660
2704
1683
1613
1615
1684
1683
1615
1748
1747
1682
1762
1764
1830
1702
1701
1767
1699
1629
1698
1701
1699
1762
1635
1631
1699
1903
1835
1897
1766
1828
1760
1767
1766
1702
1833
1828
1766
1834
1833
1766
1835
1834
1767
1900
1833
1834
1902
1900
1834
1902
1965
1900
1901
1895
1833
1833
1895
1828
1966
1901
1965
1960
1961
1896
1966
1960
1901
1966
2025
1960
1961
1955
1896
1766
1760
1700
1749
1738
1805
1966
2030
2031
1961
1960
2025
1965
2030
1966
1960
1896
1895
1903
1897
1962
1901
1900
1965
1835
1830
1897
1834
1835
1902
1767
1830
1835
1967
1965
1902
2033
2032
1968
2094
2031
2030
1614
1684
1615
1816
1817
1882
1873
1883
1817
1948
2013
1947
1940
1948
1883
1940
2006
1948
2554
2493
2557
2612
2554
2557
2552
2608
2550
2613
2660
2611
2660
2662
2704
2611
2660
2610
2613
2662
2660
2661
2613
2612
2610
2660
2658
2096
2161
2094
2221
2160
2226
2095
2031
2094
2155
2095
2160
2089
2031
2095
2163
2097
2162
2215
2285
2284
2214
2215
2284
2217
2214
2284
2087
2022
2023
2154
2087
2088
2149
2082
2087
2287
2222
2289
2220
2287
2288
2219
2218
2287
2494
2424
2491
2555
2494
2491
2492
2423
2494
2489
2421
2490
2553
2489
2490
2553
2552
2489
2356
2357
2423
2658
2660
2702
2657
2658
2702
2608
2610
2658
1900
1901
1833
2552
2611
2610
2488
2552
2550
2488
2421
2489
2155
2221
2156
2227
2228
2295
2160
2227
2226
2163
2228
2227
2161
2163
2227
2160
2161
2227
2095
2094
2161
2096
2097
2163
2021
2020
1955
2152
2153
2086
2088
2023
2024
2027
2033
1968
2159
2092
2093
2097
2033
2092
1744
1810
1742
2029
2013
2076
2093
2029
2091
2093
2028
2029
1831
1832
1898
1877
1878
1943
1812
1878
1810
2091
2157
2158
2074
2011
2073
2006
2010
2070
2013
1948
2014
1878
1944
1943
1944
2011
2010
2139
2074
2073
2207
2144
2208
2136
2070
2074
2139
2140
2074
2202
2144
2136
1880
1944
1878
1813
1880
1812
1745
1813
1812
1811
1879
1813
1945
1944
1880
1945
1942
2009
2700
2699
2697
2411
2475
2480
2342
2339
2343
2407
2408
2475
2409
2408
2341
2409
2476
2408
2602
2599
2652
2475
2539
2480
2540
2477
2541
2653
2652
2600
2601
2653
2600
2654
2698
2653
2777
2741
2740
2810
2811
2776
2808
2839
2810
2740
2774
2776
2809
2840
2839
2798
2797
2828
2784
2798
2817
2784
2764
2798
2712
2728
2688
2761
2793
2765
2814
2794
2780
2845
2857
2852
2815
2846
2816
2874
2857
2845
2794
2788
2780
2824
2794
2814
2845
2824
2814
2852
2851
2824
2823
2793
2794
2824
2823
2794
2851
2828
2823
2852
2878
2851
2816
2845
2814
2857
2878
2852
2824
2845
2852
2882
2902
2907
2874
2882
2857
2874
2902
2882
2856
2828
2851
2765
2793
2797
2761
2788
2793
2728
2761
2765
2729
2728
2765
2712
2720
2728
2728
2720
2755
2780
2782
2814
2783
2815
2816
2748
2783
2747
2748
2781
2783
2745
2781
2748
2703
2745
2708
2703
2741
2745
2777
2811
2781
2902
2899
2920
2824
2851
2823
2882
2907
2883
2881
2856
2878
2871
2898
2899
2845
2846
2874
2841
2869
2871
2703
2664
2659
2777
2745
2741
2708
2664
2703
2811
2815
2781
2776
2811
2777
2810
2841
2842
2655
2609
2603
2699
2659
2655
2741
2699
2700
2741
2703
2699
2664
2665
2615
2666
2665
2708
2616
2618
2612
2557
2616
2612
2555
2556
2616
2615
2665
2617
2666
2618
2665
2699
2703
2659
2740
2741
2700
2697
2698
2738
2776
2777
2740
2777
2781
2745
2717
2753
2718
2723
2717
2683
2722
2723
2683
2756
2752
2723
2752
2753
2717
2717
2723
2752
2822
2827
2850
2822
2791
2796
2821
2822
2850
2792
2760
2791
2769
2735
2733
2762
2734
2770
2763
2762
2795
2726
2734
2762
2726
2692
2734
2722
2758
2723
2682
2722
2683
2757
2790
2758
2321
2385
2370
2455
2388
2454
2390
2389
2455
2386
2390
2453
2325
2389
2390
2325
2324
2389
2257
2324
2259
2257
2258
2324
2455
2454
2517
2517
2454
2457
2516
2456
2518
2455
2389
2388
2456
2455
2517
2518
2456
2517
2516
2453
2456
2456
2390
2455
2389
2324
2323
2320
2325
2386
2259
2324
2325
2322
2387
2388
2365
2302
2367
2366
2365
2431
2430
2366
2431
2392
2391
2327
2043
1979
2042
2190
2193
2256
2128
2126
2063
2387
2454
2388
2528
2585
2527
2464
2528
2527
2586
2637
2638
2584
2586
2528
2584
2637
2586
2261
2194
2233
2256
2260
2322
2256
2193
2260
2347
2280
2348
2345
2400
2333
2279
2346
2278
2482
2483
2413
2279
2211
2280
2346
2279
2347
2414
2346
2347
2413
2345
2346
2210
2211
2279
2278
2210
2279
2414
2413
2346
2277
2210
2278
2209
2145
2147
2230
2199
2164
2165
2230
2164
2297
2267
2230
2363
2297
2298
2267
2199
2230
2335
2267
2334
2268
2200
2267
2229
2296
2231
2330
2336
2397
2334
2363
2401
2268
2267
2335
2267
2297
2334
2334
2401
2402
2326
2387
2322
2366
2327
2301
2366
2392
2327
2229
2209
2277
1913
1914
1847
2098
2040
2034
2041
2068
2004
1938
1870
1871
1911
1910
1871
1937
1936
1870
2003
1937
1938
2003
2002
1937
2236
2234
2171
2365
2300
2302
2365
2301
2300
2300
2301
2234
1978
1912
1979
1801
1780
1735
1441
1369
1440
1506
1441
1505
1370
1305
1369
1503
1502
1438
1439
1503
1438
1705
1685
1751
1638
1618
1685
1707
1638
1705
1640
1707
1706
1639
1638
1707
1640
1639
1707
1641
1640
1706
1641
1572
1640
1571
1569
1639
1570
1504
1551
1639
1570
1638
1569
1503
1570
1551
1620
1618
1639
1569
1570
2391
2457
2454
2261
2260
2194
2301
2261
2233
2326
2260
2261
2458
2457
2391
2168
2194
2129
2327
2261
2301
2326
2322
2260
2327
2326
2261
2327
2391
2326
2522
2520
2458
2457
2519
2517
626
625
559
627
626
561
690
689
626
557
625
624
558
494
559
465
525
464
624
687
622
557
624
622
690
626
627
755
734
803
592
600
560
600
592
660
822
821
753
1470
1471
1403
1401
1469
1402
1604
1675
1606
1539
1604
1606
1538
1605
1604
1472
1404
1471
1336
1269
1335
1404
1336
1335
1338
1337
1336
1472
1473
1405
1548
1480
1546
1406
1338
1407
1406
1337
1338
1205
1201
1268
1335
1403
1404
1267
1335
1269
1268
1202
1269
1266
1334
1267
1266
1333
1334
2722
2721
2757
2676
2678
2633
2387
2391
2454
2668
2651
2696
2668
2620
2651
2711
2668
2696
2656
2654
2604
2701
2656
2668
2701
2698
2656
2604
2560
2620
2653
2601
2654
2603
2543
2544
2601
2545
2604
2599
2540
2600
2481
2498
2545
2541
2481
2545
2477
2412
2481
2598
2651
2620
1614
1673
1684
1546
1476
1541
1677
1742
1738
1673
1677
1738
1679
1744
1677
1607
1679
1608
1678
1680
1745
1876
1874
1942
1811
1876
1879
1808
1874
1876
1743
1808
1811
1806
1874
1808
2232
2205
2201
2299
2232
2269
2276
2272
2232
2620
2560
2598
2207
2157
2143
2009
2071
2073
2339
2275
2338
2340
2407
2338
2406
2343
2339
2560
2538
2598
2601
2541
2545
2654
2601
2604
2600
2541
2601
2498
2538
2560
2545
2498
2560
2604
2545
2560
2541
2477
2481
2481
2412
2429
2458
2520
2457
2581
2623
2578
2523
2580
2581
2579
2631
2580
2527
2579
2521
2585
2632
2579
2586
2638
2585
2675
2717
2677
2632
2675
2677
2631
2632
2677
2585
2638
2632
2638
2683
2675
2632
2638
2675
2721
2722
2682
2677
2718
2676
2579
2632
2631
2717
2718
2677
2678
2716
2713
2715
2674
2713
2676
2718
2678
2631
2676
2633
2718
2716
2678
2631
2677
2676
2753
2716
2718
2673
2674
2715
2674
2633
2678
956
955
1022
1141
1139
1208
1209
1141
1208
1075
1076
1141
1022
1075
1089
1076
1139
1141
1022
1008
1075
1070
1136
1076
1156
1157
1093
1206
1222
1154
1222
1270
1288
1154
1222
1156
1270
1339
1288
1206
1270
1222
1206
1273
1270
1224
1222
1288
1208
1204
1271
1209
1207
1140
1275
1209
1208
1274
1207
1209
1091
1089
1154
1156
1091
1154
1093
1024
1091
1022
955
1008
1076
1136
1139
1412
1411
1480
1409
1412
1479
1341
1342
1412
1208
1271
1275
1209
1140
1141
1273
1207
1274
1206
1154
1207
1139
1204
1208
1340
1411
1342
1337
1340
1272
1410
1477
1480
1340
1410
1411
1406
1477
1410
1475
1408
1478
1612
1544
1545
1492
1425
1426
1613
1682
1612
1547
1613
1545
1683
1682
1613
1903
1902
1835
1968
1903
1962
1967
1902
1903
1763
1831
1764
2032
2033
2096
2030
2032
2094
1967
1968
2032
2030
1965
1967
2032
2030
1967
2031
2025
1966
1963
1898
1899
2028
1963
1964
1962
1898
1963
1967
1903
1968
1897
1898
1962
1831
1897
1830
1764
1831
1830
1765
1832
1831
1962
1963
2027
1475
1478
1545
1361
1432
1430
1229
1230
1296
1360
1432
1361
1408
1339
1409
1492
1426
1475
1355
1339
1408
1498
1494
1563
1433
1498
1497
1433
1432
1498
1494
1493
1563
1293
1356
1360
1356
1427
1428
1230
1221
1287
1478
1408
1409
1354
1289
1355
1356
1354
1425
1293
1287
1354
1288
1339
1355
1630
1629
1699
1631
1635
1566
1563
1631
1566
1563
1562
1630
1497
1498
1566
1762
1699
1764
1493
1562
1563
1561
1560
1629
1493
1561
1562
1493
1492
1561
1763
1764
1698
1765
1763
1747
1765
1831
1763
1831
1898
1897
1361
1359
1294
1428
1432
1360
1496
1495
1431
1430
1496
1431
1433
1497
1496
1498
1563
1566
1428
1494
1432
1428
1493
1494
1566
1633
1565
1634
1633
1566
1702
1634
1635
1702
1700
1634
1634
1700
1633
1701
1702
1635
1699
1701
1635
1762
1767
1701
1767
1834
1766
1760
1695
1700
1686
1752
1689
1617
1687
1686
1550
1617
1616
1559
1626
1627
1627
1626
1695
1696
1627
1695
1617
1559
1627
1686
1687
1752
1549
1550
1616
1491
1495
1558
1960
1895
1901
1954
1889
1955
1889
1829
1896
1821
1822
1888
1761
1828
1829
1821
1753
1822
1696
1760
1761
1829
1889
1822
1761
1829
1822
1895
1896
1829
1889
1954
1888
1822
1889
1888
1896
1955
1889
1409
1479
1478
1273
1341
1339
1479
1547
1478
1683
1684
1749
1744
1812
1810
1677
1744
1742
1679
1678
1745
1552
1485
1553
1504
1439
1484
1618
1570
1551
1503
1439
1504
1416
1485
1484
2419
2352
2355
2488
2419
2421
2351
2286
2353
2348
2351
2415
2414
2348
2415
2280
2213
2283
2286
2284
2352
2283
2286
2351
2216
2217
2286
2149
2151
2082
2102
2148
2080
2039
2019
2083
2102
2039
2083
2016
1953
2019
2218
2156
2222
2287
2218
2222
2219
2152
2218
2153
2152
2219
2088
2153
2154
2085
2086
2153
2294
2361
2295
2426
2427
2360
2495
2426
2425
2496
2491
2427
2495
2496
2426
2495
2558
2496
2424
2361
2427
2555
2557
2494
2358
2290
2293
2423
2358
2424
2494
2423
2424
2422
2356
2423
2357
2290
2358
2026
2089
2090
2358
2361
2424
2222
2290
2289
2293
2295
2361
2226
2293
2290
2226
2295
2293
2399
2467
2400
2547
2483
2482
2582
2559
2597
2428
2497
2469
2559
2531
2589
2593
2534
2592
2535
2594
2536
2473
2472
2536
2534
2593
2535
1621
1553
1622
1825
1826
1893
1692
1757
1691
1692
1758
1757
2019
2084
2083
1890
1951
1952
1956
2022
2018
2154
2220
2215
2215
2220
2285
2151
2149
2214
2154
2219
2220
2149
2154
2215
2214
2149
2215
2082
2022
2087
2088
2085
2153
1953
2016
1950
1953
1952
2019
1884
1887
1950
1886
1952
1953
1887
1886
1953
1819
1818
1886
1884
1820
1887
1751
1750
1819
1885
1890
1952
1886
1885
1952
2087
2154
2149
2217
2216
2150
2084
2151
2083
2288
2285
2220
2354
2288
2287
2289
2354
2287
2356
2422
2420
2352
2285
2288
2485
2550
2486
2284
2285
2352
2151
2214
2217
2150
2151
2217
2084
2082
2151
2353
2352
2419
2418
2353
2419
2286
2352
2353
2231
2230
2165
2166
2231
2165
2298
2297
2231
2236
2302
2300
1905
1906
1839
2015
1971
1949
1972
1906
1971
2037
1972
1971
2100
2036
2037
2146
2100
2079
2101
2038
2100
2038
1973
2036
1969
1976
1911
1904
1969
1911
1907
1970
1969
1970
1973
1969
1972
1970
1907
2036
1973
1970
2037
2036
1972
2037
2079
2100
2035
2099
2098
2134
2104
2098
2199
2134
2133
2167
2132
2104
2200
2198
2134
2066
2131
2108
2002
2066
2044
2067
2004
2068
2197
2132
2167
2197
2262
2195
1837
1776
1769
1904
1837
1841
1904
1871
1836
1802
1803
1870
1801
1802
1869
1768
1713
1776
1802
1768
1803
1736
1703
1768
2231
2166
2229
2035
1973
2038
2099
2035
2038
2098
2103
2040
2134
2098
2133
2040
2041
1977
2034
2040
1976
1969
2034
1976
1973
2035
2034
2041
2004
1977
2103
2041
2040
2103
2104
2068
2104
2103
2098
2104
2132
2068
2099
2101
2165
1713
1646
1704
2078
2017
2081
2146
2078
2081
2015
2017
2078
1950
2016
2017
2209
2166
2146
1484
1439
1416
1439
1438
1367
1416
1439
1367
1484
1551
1504
1754
1756
1823
1622
1691
1621
1757
1758
1826
1636
1646
1703
1567
1636
1600
1576
1646
1636
1534
1567
1600
1507
1506
1572
1505
1441
1440
1436
1370
1442
1440
1437
1502
1505
1440
1502
1369
1368
1440
1370
1369
1441
1368
1303
1365
1305
1304
1369
1305
1239
1304
1618
1638
1570
1506
1571
1572
1570
1503
1504
1505
1569
1571
1505
1502
1569
1688
1754
1750
1618
1688
1685
1620
1690
1688
1552
1620
1551
1690
1756
1754
1621
1690
1620
1621
1691
1690
1568
1637
1576
1750
1751
1685
1618
1620
1688
1818
1819
1750
1950
1949
1884
1818
1885
1886
1690
1691
1756
1951
1890
1956
1756
1691
1757
1823
1756
1825
1890
1823
1891
1885
1818
1823
1754
1688
1690
1750
1754
1818
1750
1685
1688
2019
1951
2018
2016
2019
2039
1952
1951
2019
2147
2081
2148
2213
2211
2148
2146
2081
2145
2017
2080
2081
2079
2015
2078
1949
1950
2017
2150
2083
2151
2213
2150
2216
2283
2213
2216
2147
2210
2209
2280
2211
2213
2280
2347
2279
2102
2083
2150
2213
2148
2150
2080
2016
2039
2146
2079
2078
2080
2039
2102
1500
1499
1434
1362
1435
1434
1501
1507
1568
1305
1370
1364
1641
1706
1709
1567
1500
1510
1820
1751
1819
1887
1820
1819
1886
1887
1819
1953
1950
1887
1771
1773
1709
1706
1771
1709
1770
1838
1771
1884
1838
1820
1884
1905
1838
1971
2015
2037
1642
1704
1637
1641
1642
1573
1710
1704
1642
1905
1971
1906
1642
1637
1573
1769
1704
1710
1774
1769
1710
1776
1713
1769
1646
1637
1704
1507
1572
1573
1510
1501
1568
1442
1506
1507
1569
1502
1503
1506
1505
1571
1506
1442
1441
2606
2549
2607
2605
2606
2657
2643
2605
2635
2546
2606
2605
2590
2532
2591
2484
2482
2414
2680
2720
2712
2702
2680
2657
2702
2720
2680
2635
2680
2670
2785
2784
2817
2835
2858
2829
2750
2710
2749
2772
2736
2750
2695
2689
2649
2750
2749
2785
2772
2750
2785
2709
2710
2750
2764
2765
2798
2749
2727
2764
2785
2749
2784
2710
2727
2749
2729
2765
2764
2727
2729
2764
2688
2728
2729
2575
2518
2517
2577
2575
2519
2578
2577
2520
2627
2628
2576
2629
2627
2577
2629
2672
2627
2576
2518
2575
2577
2627
2575
2628
2669
2626
2672
2628
2627
2669
2625
2626
2180
2186
2249
2185
2180
2248
2120
2121
2180
1917
1859
1926
1983
1917
1926
1925
1858
1917
1993
1925
1983
1923
1858
1925
2187
2254
2253
2110
2173
2122
2238
2304
2254
2173
2238
2187
2122
2173
2187
2111
2174
2175
2240
2188
2255
2305
2240
2255
2239
2175
2240
2175
2174
2240
2173
2175
2238
2173
2111
2175
2111
2058
2123
2578
2520
2522
2630
2578
2623
2629
2577
2578
512
515
455
506
569
568
453
505
513
447
457
506
579
578
515
642
579
576
513
568
577
710
645
642
645
644
579
282
281
321
782
848
851
712
713
783
842
847
848
774
842
782
774
780
842
1046
1051
1111
986
982
1048
711
780
710
637
703
643
840
850
781
847
915
848
1047
981
1046
982
916
981
711
710
643
847
780
849
774
710
780
1255
1189
1187
1243
1185
1253
1120
1057
1123
924
977
991
1257
1322
1323
1122
1124
1188
1258
1322
1256
1118
1176
1184
1181
1118
1184
1053
1055
1119
775
843
786
405
356
359
1660
1727
1728
1663
1660
1728
1524
1574
1591
1591
1574
1643
1453
1384
1456
1175
1242
1241
1166
1192
1126
1232
1260
1192
1457
1522
1455
1458
1457
1386
1388
1458
1386
1323
1388
1386
1387
1459
1388
1526
1525
1458
1526
1592
1525
1126
1060
1101
2059
2060
2124
2059
1996
2060
2062
2059
2124
2188
2123
2127
2111
2046
2058
1995
1927
1928
1998
1995
2059
2062
1998
2059
2058
1994
1998
1998
1930
1995
1983
1994
2046
1926
1864
1930
1925
1917
1983
1862
1794
1842
1927
1864
1861
1996
1995
1928
1930
1864
1927
1995
1930
1927
1994
1926
1930
1864
1795
1861
2061
2126
2125
1997
2061
2060
1931
1929
1866
1996
1997
2060
1866
1929
1863
1865
1866
1797
1865
1932
1866
1928
1929
1996
1126
1192
1175
1110
1126
1175
1101
1165
1166
1437
1365
1366
1502
1437
1438
1370
1441
1442
1797
1731
1796
1928
1863
1929
2059
1995
1996
1864
1860
1795
1862
1927
1861
1926
1860
1864
1731
1777
1727
1730
1731
1665
1730
1796
1731
1166
1231
1232
1101
1166
1126
1165
1231
1166
2527
2463
2464
2579
2527
2585
2521
2463
2527
2580
2521
2579
2633
2580
2631
2633
2581
2580
2461
2462
2526
2329
2393
2396
2395
2329
2396
2328
2264
2331
2263
2328
2329
2262
2264
2328
2587
2537
2596
2258
2190
2256
1770
1751
1820
1773
1771
1838
1705
1751
1770
1707
1705
1771
1638
1685
1705
1436
1364
1370
1443
1436
1501
1510
1443
1501
1500
1435
1443
1435
1364
1436
1434
1435
1500
1362
1363
1435
1395
1393
1327
1465
1462
1395
1465
1531
1462
1363
1299
1364
1298
1363
1362
1298
1297
1363
1299
1239
1305
1373
1372
1309
1374
1373
1311
1374
1446
1373
420
421
479
370
420
419
442
392
419
344
371
370
371
374
420
375
425
374
633
566
567
700
633
634
636
573
633
640
573
636
566
504
567
508
566
573
503
442
502
566
503
502
508
449
503
1586
1647
1656
1587
1586
1656
1652
1587
1657
1652
1583
1582
1720
1652
1657
1649
1579
1583
1520
1511
1577
1454
1444
1511
1378
1383
1450
1372
1444
1383
1512
1446
1453
1454
1383
1444
1516
1451
1450
1520
1521
1454
1582
1583
1517
1450
1383
1454
1445
1446
1512
1372
1445
1444
1372
1373
1445
1519
1512
1453
1523
1519
1456
1590
1523
1524
1585
1655
1648
1590
1588
1523
1590
1658
1588
1578
1577
1511
1519
1578
1512
1585
1648
1578
1586
1577
1647
1511
1512
1578
2180
2121
2186
1924
1857
1923
1926
1859
1860
2110
2057
2046
1861
1795
1793
1863
1928
1862
1859
1850
1792
1993
1991
1925
1792
1726
1729
1859
1792
1860
1850
1791
1792
1449
1381
1377
2630
2629
2578
2633
2630
2623
2673
2629
2630
2674
2673
2630
2633
2674
2630
2678
2713
2674
2715
2714
2673
287
253
252
257
287
251
291
332
333
290
291
333
258
289
291
344
391
343
299
325
343
1040
974
1039
1040
975
974
1105
1040
1039
1106
1041
1040
1170
1106
1105
1107
1172
1167
1041
1107
1102
1171
1172
1107
1036
970
975
908
974
909
1103
1104
1168
1039
1103
1105
973
907
971
420
374
421
371
328
374
325
371
344
328
329
374
253
286
285
329
330
375
286
329
328
326
286
328
253
287
286
330
333
376
332
378
333
1102
1167
1165
1041
1102
1036
1041
1106
1107
1845
1799
1781
1597
1669
1645
1669
1735
1717
1636
1671
1600
1703
1713
1768
1436
1443
1435
1507
1501
1442
1510
1500
1443
1576
1510
1568
1567
1499
1500
1576
1567
1510
1576
1636
1567
1846
1847
1781
1801
1846
1780
2079
2037
2015
1907
1841
1906
1972
1907
1906
1969
1904
1907
1977
1911
1976
2040
1977
1976
2004
1938
1977
1871
1904
1911
1836
1776
1837
1904
1836
1837
1871
1803
1836
1840
1839
1906
1774
1840
1841
1774
1772
1840
1837
1774
1841
1803
1768
1836
1870
1803
1871
1802
1736
1768
1713
1704
1769
1836
1768
1776
1703
1646
1713
1771
1706
1707
1772
1709
1773
1708
1642
1641
1709
1708
1641
1709
1772
1708
1772
1710
1708
1839
1840
1773
1774
1710
1772
1969
1973
2034
1841
1907
1904
1972
2036
1970
2100
2038
2036
2146
2166
2100
2166
2165
2101
2099
2164
2098
2098
2164
2133
2101
2099
2038
2165
2164
2099
2230
2231
2297
1949
2017
2015
1736
1802
1801
1735
1736
1801
1671
1703
1736
2332
2264
2266
2169
2171
2234
2035
2098
2034
2167
2104
2134
2067
2130
2131
2003
2067
2066
2068
2130
2067
2103
2068
2041
2132
2130
2068
2235
2301
2233
2064
2128
2063
1914
1979
1912
1847
1914
1912
1913
1980
1914
1846
1913
1847
2004
2003
1938
1913
1936
1980
1869
1870
1936
1801
1869
1846
2105
2044
2108
2043
2042
2106
1979
1980
2042
2168
2233
2194
2107
2168
2129
2043
2107
2065
2106
2169
2170
2235
2233
2168
2170
2169
2235
2107
2170
2168
2107
2106
2170
2234
2301
2235
2366
2301
2365
2107
2129
2065
2001
2000
1934
1933
1932
1867
1868
1933
1867
1934
2000
1933
1935
1934
1868
1912
1935
1868
1978
2001
1935
2000
1999
1933
1997
1931
1999
1997
1929
1931
1712
1775
1711
1734
1733
1668
1644
1711
1668
1799
1800
1734
1932
1931
1866
1798
1867
1865
1933
1999
1932
1798
1732
1733
1867
1798
1800
1868
1867
1800
1932
1865
1867
1865
1796
1798
1527
1526
1459
1595
1594
1528
1668
1667
1596
1732
1730
1666
1664
1665
1593
1595
1666
1594
1730
1665
1664
1666
1730
1664
1594
1666
1664
1595
1667
1666
1732
1796
1730
1670
1600
1671
1669
1670
1735
1599
1600
1670
1597
1598
1669
1534
1533
1499
1534
1499
1567
1599
1534
1600
1599
1598
1534
1464
1531
1532
1395
1327
1362
1434
1395
1362
1462
1393
1395
1463
1393
1462
1463
1392
1393
1501
1436
1442
1231
1233
1297
1368
1369
1304
1303
1368
1304
1437
1440
1368
1366
1367
1438
580
641
575
376
375
330
345
391
393
678
612
616
678
676
612
681
678
616
742
812
747
681
744
678
681
746
744
615
681
616
746
814
744
683
682
618
1553
1621
1552
373
377
331
1099
1098
1032
1033
1099
1032
1162
1229
1163
1276
1277
1344
758
692
695
474
536
472
484
547
548
373
423
424
544
480
542
610
544
611
482
480
544
423
482
483
422
480
482
414
472
412
603
537
602
542
603
607
542
536
603
897
961
896
898
897
829
962
961
897
1029
962
1030
1029
961
962
1031
1096
1030
1094
1158
1145
1158
1095
1160
1145
1142
1081
1029
1027
961
1210
1142
1145
1011
1080
1012
944
1011
945
944
1010
1011
830
759
828
964
1030
963
827
896
895
830
898
829
761
831
828
832
819
887
831
832
899
762
819
832
963
962
897
629
693
671
692
758
693
695
761
758
630
631
695
628
630
692
565
631
630
696
684
749
692
630
695
565
619
631
819
750
820
900
964
899
749
750
819
614
615
548
759
693
758
738
806
736
737
738
673
807
876
806
737
807
738
737
757
807
671
737
673
757
826
807
1078
1010
1079
1143
1078
1079
1011
1010
1078
811
813
743
671
693
694
817
818
764
487
486
427
484
487
428
484
548
487
615
550
548
547
614
548
742
678
744
427
376
378
377
428
378
486
485
426
549
486
550
549
545
485
1636
1703
1671
1637
1646
1576
1573
1637
1568
1507
1573
1568
1838
1770
1820
1640
1572
1571
1710
1642
1708
1573
1572
1641
1640
1571
1639
1770
1771
1705
1839
1773
1838
1905
1839
1838
1949
1905
1884
1949
1971
1905
1906
1841
1840
1773
1840
1772
1769
1774
1837
2016
2080
2017
2100
2166
2101
1999
2061
1997
1999
2063
2061
1932
1999
1931
2000
2063
1999
2001
2064
2000
1935
2001
1934
1980
1979
1914
1980
2044
2042
1869
1936
1913
1936
1937
2002
1802
1870
1869
1910
1911
1977
1938
1910
1977
1938
1871
1910
2105
2169
2106
2067
2131
2066
2195
2130
2132
2195
2196
2130
2002
2003
2066
1980
2002
2044
1980
1936
2002
1937
1870
1938
2171
2169
2108
2105
2106
2042
2044
2105
2042
2108
2169
2105
2235
2169
2234
2235
2168
2170
2043
1978
1979
2107
2043
2106
2065
2001
2043
2064
2065
2129
2001
1978
2043
2064
2063
2000
1912
1978
1935
1799
1845
1868
1913
1846
1869
2128
2190
2126
2129
2128
2064
2001
2065
2064
2194
2193
2129
2193
2190
2128
2129
2193
2128
2194
2260
2193
2126
2061
2063
1598
1597
1532
1671
1735
1670
1717
1712
1669
1845
1912
1868
1775
1781
1799
1847
1912
1845
1527
1528
1594
1460
1527
1459
1460
1528
1527
1597
1575
1530
1598
1599
1669
1531
1598
1532
1533
1465
1499
1598
1533
1534
1531
1465
1533
1645
1644
1597
1527
1594
1526
1529
1528
1460
1461
1509
1460
1575
1596
1529
1666
1667
1732
1529
1595
1528
1596
1667
1595
1644
1596
1575
1668
1733
1667
1775
1799
1734
1711
1775
1734
1717
1780
1781
1733
1732
1667
372
412
422
950
1017
1014
1755
1752
1821
1755
1689
1752
1623
1625
1693
1624
1689
1694
1625
1624
1694
1557
1555
1624
1488
1557
1556
1489
1482
1549
1557
1489
1555
1488
1420
1489
1619
1686
1689
1564
1626
1558
1566
1565
1497
1632
1626
1564
1633
1632
1565
1633
1700
1632
1635
1634
1566
1700
1695
1632
1550
1490
1559
1617
1550
1559
1353
1424
1422
1344
1353
1414
1423
1357
1429
1352
1423
1424
1352
1357
1423
1483
1481
1422
1549
1483
1550
1549
1481
1483
1549
1482
1481
1429
1495
1491
1415
1413
1481
1358
1359
1431
1429
1358
1431
1227
1226
1161
1228
1227
1161
1292
1291
1227
1357
1291
1358
1357
1290
1291
1695
1626
1632
1687
1627
1696
1753
1687
1696
1686
1616
1617
1565
1564
1496
1687
1617
1627
1564
1495
1496
1632
1564
1565
1558
1495
1564
1559
1558
1626
1559
1491
1558
1431
1495
1429
1491
1423
1429
1430
1432
1433
1695
1760
1696
1418
1487
1486
1693
1759
1758
1486
1553
1485
1623
1554
1556
1623
1622
1554
1301
1365
1300
2394
2462
2461
2393
2394
2461
2331
2398
2394
2402
2335
2334
2471
2402
2470
2471
2403
2402
2362
2363
2298
2470
2533
2534
2470
2469
2533
2535
2472
2471
2401
2469
2470
2336
2404
2397
2335
2336
2268
2403
2404
2336
2402
2403
2335
2471
2472
2403
2534
2471
2470
2472
2404
2403
2363
2428
2401
2428
2400
2468
2362
2428
2363
2503
2483
2532
2561
2503
2532
2467
2483
2503
2362
2400
2428
2278
2345
2277
2468
2400
2467
2503
2531
2467
2503
2561
2531
2590
2641
2589
2497
2428
2468
2362
2333
2400
2536
2595
2537
2472
2535
2536
2465
2404
2473
2471
2534
2535
2594
2595
2536
1465
1434
1499
1533
1598
1531
1531
1463
1462
1461
1460
1391
1394
1461
1391
1509
1529
1460
1530
1509
1461
1530
1575
1509
1327
1298
1362
1434
1465
1395
1393
1371
1327
1552
1484
1485
1620
1552
1621
1551
1484
1552
1171
1237
1238
1234
1235
1300
1237
1234
1300
1168
1169
1234
1365
1303
1300
685
684
621
965
966
1032
965
900
966
1030
965
1031
1159
1160
1096
828
758
761
762
831
761
759
760
694
831
898
828
829
760
830
898
963
897
828
898
830
831
899
898
899
963
898
965
964
900
965
1030
964
1030
962
963
901
967
900
901
832
887
696
762
761
749
819
762
887
888
952
684
620
621
749
684
685
342
323
341
541
540
606
628
692
629
564
628
629
562
565
628
628
565
630
500
562
563
498
552
562
552
619
565
411
361
367
367
361
322
365
413
415
365
319
363
1699
1698
1764
1561
1629
1562
1560
1628
1629
1427
1492
1493
1612
1682
1628
1560
1612
1628
1547
1545
1478
1547
1615
1613
1682
1747
1697
1888
1892
1824
1224
1156
1222
1224
1157
1156
1698
1697
1763
1630
1631
1563
1629
1630
1562
1699
1631
1630
1426
1425
1355
1408
1426
1355
1408
1475
1426
1612
1560
1544
1427
1425
1492
1560
1561
1492
1544
1560
1492
1475
1544
1492
1475
1545
1544
1628
1698
1629
1493
1428
1427
1828
1761
1760
1700
1702
1766
1895
1829
1828
1892
1888
1954
1753
1752
1687
1822
1753
1761
1821
1752
1753
1824
1821
1888
1824
1759
1755
1619
1555
1616
1413
1414
1481
1230
1229
1164
1360
1295
1293
1296
1294
1229
1361
1296
1295
1361
1294
1296
1824
1892
1827
1758
1759
1827
1753
1696
1761
1961
2026
2021
2021
2086
2085
2020
2021
2085
2024
2020
2085
1954
1955
2020
1955
1961
2021
1959
2023
1957
1954
2020
1958
2085
2088
2024
1958
2020
2024
1959
1958
2024
1892
1954
1958
2524
2533
2469
2559
2524
2497
2582
2533
2524
2559
2582
2524
2531
2561
2589
2468
2531
2497
2468
2467
2531
2619
2597
2559
2597
2634
2582
2467
2413
2483
2296
2333
2362
2345
2278
2346
2399
2345
2413
2467
2399
2413
2400
2345
2399
2333
2277
2345
2348
2414
2347
2416
2486
2484
2414
2416
2484
2548
2550
2608
2484
2548
2549
2486
2550
2548
2415
2485
2416
2485
2418
2488
2416
2485
2486
2415
2418
2485
2283
2351
2348
2280
2283
2348
2216
2286
2283
2148
2081
2080
2150
2148
2102
2147
2145
2081
2211
2147
2148
2211
2210
2147
2217
2284
2286
2549
2608
2607
2547
2549
2606
2484
2486
2548
2485
2488
2550
2552
2553
2611
2619
2589
2641
2546
2532
2483
2546
2591
2532
1623
1692
1622
1759
1693
1694
1755
1759
1694
1689
1755
1694
1821
1824
1755
1824
1827
1759
1758
1692
1693
2084
2019
2018
1823
1890
1885
1891
1957
1956
1894
1958
1959
2088
2087
2023
1624
1625
1557
956
894
890
956
957
894
955
956
890
1024
957
956
1089
1024
1022
1093
1026
1024
1092
1025
1093
1092
1023
1025
1355
1289
1288
1354
1287
1289
1356
1293
1354
1427
1356
1425
1428
1360
1356
1360
1361
1295
1221
1155
1223
1020
1088
1019
1155
1221
1153
1157
1155
1092
1157
1224
1223
1223
1287
1221
1157
1223
1155
1289
1287
1223
1288
1289
1224
1355
1425
1354
1088
1033
1021
1162
1097
1153
1162
1099
1097
1229
1162
1164
1163
1228
1161
1162
1163
1099
1229
1228
1163
1223
1224
1289
1554
1622
1553
1625
1623
1556
1557
1625
1556
1694
1693
1625
1693
1692
1623
1489
1420
1421
1487
1488
1556
1419
1420
1488
1487
1419
1488
1554
1487
1556
1554
1553
1486
1347
1281
1282
1348
1347
1282
1349
1348
1283
1349
1419
1348
1418
1417
1347
1366
1302
1367
1086
1151
1150
1421
1351
1415
1421
1420
1350
1283
1218
1217
1348
1418
1347
1236
1302
1301
1216
1236
1235
1216
1282
1236
1148
1083
1149
1153
1090
1155
1691
1622
1692
1152
1217
1149
1084
1150
1087
1219
1220
1152
1150
1151
1219
1087
1150
1152
1084
1086
1150
1284
1351
1285
1418
1348
1419
1218
1283
1282
1220
1219
1285
1283
1220
1285
1217
1152
1220
1482
1421
1415
1482
1489
1421
1481
1482
1415
1549
1555
1489
1280
1279
1345
1286
1353
1344
1422
1481
1414
1353
1422
1414
1490
1550
1483
1619
1689
1624
1555
1619
1624
1488
1489
1557
1549
1616
1555
1616
1686
1619
1346
1367
1302
2209
2146
2145
954
891
958
1026
959
957
1020
958
1026
1020
954
958
1026
958
959
1024
1026
957
1025
1020
1026
257
290
287
645
712
644
579
642
645
568
569
635
577
568
635
513
505
568
507
457
517
713
782
783
645
713
712
774
782
713
570
569
507
642
577
643
577
576
513
643
577
635
642
576
577
1111
1116
1177
1048
1047
1112
1051
1116
1111
918
984
985
981
914
980
915
916
848
981
915
914
981
916
915
1114
1180
1116
850
918
849
989
976
922
2673
2714
2672
848
782
842
849
914
847
851
783
782
2672
2714
2671
2628
2672
2671
2629
2673
2672
916
851
848
2669
2628
2671
982
986
919
916
982
919
851
916
919
915
847
914
1047
1048
982
981
1047
982
1046
1111
1047
1111
1112
1047
1177
1112
1111
1180
1182
1116
1178
1179
1113
1182
1245
1177
1246
1179
1178
1113
1048
1112
1113
1052
1048
1113
1117
1052
986
1048
1052
1113
1112
1178
2626
2576
2628
2573
2626
2625
2574
2576
2626
2621
2573
2625
2515
2516
2574
2573
2574
2626
2572
2573
2621
2572
2515
2573
1177
1178
1112
1247
1179
1246
1183
1117
1179
2627
2576
2575
2624
2572
2621
2255
2321
2305
2370
2435
2434
2323
2322
2388
2516
2515
2452
2499
2514
2513
2370
2385
2435
2305
2370
2369
2321
2386
2385
2305
2321
2370
2320
2386
2321
2259
2320
2255
2259
2325
2320
2576
2574
2518
2624
2622
2571
1247
1314
1251
1183
1247
1251
1246
1313
1247
1117
1113
1179
1177
1116
1182
1183
1179
1247
2571
2514
2572
2569
2513
2571
2570
2569
2622
2570
2512
2569
2513
2451
2499
2622
2569
2571
2512
2451
2513
1314
1377
1317
1251
1314
1317
1577
1586
1520
1511
1520
1454
1445
1512
1444
1523
1456
1524
1444
1512
1511
1453
1456
1519
1656
1647
1714
1723
1656
1714
1657
1587
1656
1855
1856
1789
1723
1787
1789
1908
1974
1922
1843
1908
1855
1843
1853
1908
1789
1856
1788
1657
1723
1724
1787
1778
1843
1789
1787
1855
1723
1778
1787
1844
1782
1779
1851
1909
1844
1854
1851
1788
1918
1909
1851
1848
1849
1783
1909
1848
1844
1915
1916
1849
1909
1915
1848
1909
1975
1915
1784
1851
1844
1916
1919
1852
1915
1981
1916
1918
1975
1909
1918
1984
1975
2045
1984
2047
1915
1975
1981
1918
1920
1984
1515
1581
1518
1579
1580
1514
1579
1649
1580
1580
1649
1650
1517
1451
1516
1448
1513
1514
1447
1451
1513
1521
1516
1454
1586
1521
1520
1582
1516
1521
1716
1718
1650
1583
1653
1649
1720
1779
1716
1383
1378
1318
1653
1720
1716
1582
1521
1587
1114
1116
1051
1181
1249
1180
983
1049
984
1184
1252
1249
1115
1053
1118
1114
1115
1181
985
1051
1046
918
985
980
1050
1051
985
1049
1050
984
1114
1051
1050
1244
1309
1252
1176
1119
1185
1244
1176
1243
1119
1055
1120
1118
1119
1176
1118
1053
1119
1181
1115
1118
923
910
976
990
923
976
988
921
923
1311
1309
1244
1248
1249
1315
1316
1375
1312
1182
1180
1248
1114
1181
1180
1252
1318
1315
1372
1318
1309
1177
1245
1178
1249
1248
1180
1315
1378
1379
1312
1245
1250
1316
1312
1250
1313
1246
1312
1249
1252
1315
1376
1313
1375
1244
1252
1184
1373
1309
1311
1318
1252
1309
1383
1318
1372
1378
1315
1318
1377
1381
1317
1376
1447
1448
1247
1313
1314
1379
1378
1450
1380
1379
1450
1447
1380
1451
1447
1375
1380
1380
1316
1379
1376
1375
1447
1250
1245
1182
1315
1250
1248
1312
1375
1313
1315
1316
1250
1315
1379
1316
1314
1313
1376
1250
1182
1248
1246
1245
1312
1246
1178
1245
1380
1450
1451
2513
2569
2512
2510
2446
2507
2566
2510
2507
2568
2564
2511
1784
1720
1724
1718
1779
1782
1718
1716
1779
1719
1718
1782
1783
1719
1782
1721
1654
1719
1650
1649
1716
1651
1650
1718
1651
1581
1650
1518
1581
1584
1449
1452
1381
1514
1449
1448
1515
1452
1449
1580
1515
1514
1518
1452
1515
1515
1580
1581
1449
1514
1515
1376
1448
1377
1447
1513
1448
1314
1376
1377
1513
1579
1514
1375
1316
1380
1450
1454
1516
1587
1521
1586
1652
1582
1587
1517
1579
1513
1582
1517
1516
1583
1579
1517
1653
1583
1652
1720
1653
1652
1716
1649
1653
1517
1513
1451
2512
2570
2562
2508
2512
2562
2450
2384
2451
2508
2562
2567
1651
1584
1581
2378
2311
2318
2383
2378
2318
2444
2377
2378
2509
2444
2445
2508
2509
2445
2512
2508
2450
2567
2509
2508
2567
2563
2509
2563
2565
2506
1651
1654
1584
1580
1650
1581
1718
1719
1651
2443
2377
2444
1651
1719
1654
2380
2446
2449
2314
2315
2381
2443
2446
2380
2506
2443
2444
2507
2446
2443
2565
2507
2506
2566
2568
2510
1783
1849
1785
1721
1783
1785
1782
1844
1848
1721
1719
1783
1723
1657
1656
1778
1723
1714
1789
1724
1723
1851
1784
1788
1720
1657
1724
1848
1783
1782
1915
1849
1848
1852
1785
1849
2187
2253
2186
2319
2383
2318
2369
2319
2304
2384
2383
2319
2434
2384
2369
2370
2434
2369
2499
2452
2514
2434
2499
2451
2435
2452
2499
2383
2445
2378
2187
2186
2122
2318
2253
2254
2249
2248
2180
2311
2249
2253
2377
2443
2380
2315
2377
2380
2311
2378
2377
2506
2507
2443
2509
2506
2444
2565
2566
2507
2382
2449
2448
2314
2381
2317
2249
2314
2248
2315
2380
2381
2249
2315
2314
2249
2311
2315
2315
2311
2377
2564
2505
2511
2442
2504
2440
2379
2441
2375
2448
2449
2511
2314
2252
2248
2510
2511
2446
2382
2316
2317
2381
2382
2317
2448
2379
2382
2511
2505
2447
2446
2511
2449
2510
2568
2511
2246
2247
2179
2250
2246
2181
2250
2316
2312
2251
2316
2250
2252
2251
2184
2252
2317
2251
2313
2375
2309
2247
2313
2309
2312
2379
2313
2250
2312
2246
2316
2379
2312
1982
1981
2045
1919
1982
1985
1916
1981
1982
1784
1724
1788
1779
1784
1844
1779
1720
1784
1986
1987
2050
1854
1920
1918
1854
1922
1920
2310
2309
2375
2372
2310
2376
2501
2436
2437
2373
2307
2371
2245
2241
2178
2309
2310
2245
2373
2368
2306
2438
2432
2373
2436
2438
2373
2372
2436
2371
2501
2438
2436
2501
2500
2438
2368
2303
2306
2307
2373
2306
2245
2307
2306
2241
2245
2306
2244
2309
2245
2310
2371
2307
2432
2439
2374
2371
2436
2373
2438
2439
2432
2303
2242
2306
2243
2303
2308
2237
2172
2176
2241
2242
2176
2243
2177
2237
1986
2047
1984
1987
1986
1920
2049
2047
1986
2179
2114
2115
2112
2109
2047
2177
2172
2237
2114
2050
2115
2112
2047
2049
2113
2109
2172
2048
1985
2045
2179
2247
2244
2114
2049
2050
2244
2178
2179
2176
2112
2114
2242
2237
2176
2306
2242
2241
2303
2237
2242
2112
2049
2114
2172
2112
2176
2172
2109
2112
2181
2116
2182
1984
1920
1986
2109
2045
2047
1981
1975
1984
2054
1992
2056
2052
1990
2053
1988
1921
1924
2052
1988
1990
2051
2052
2117
2051
1989
2052
1974
1921
1988
2313
2247
2312
2051
2117
2116
2050
2051
2116
1987
1922
1989
2053
2054
2119
1924
1992
1990
1988
1924
1990
1921
1857
1924
1791
1858
1790
1922
1855
1908
1778
1722
1786
1855
1787
1843
1714
1715
1778
1923
1991
1992
1924
1923
1992
1908
1853
1921
1858
1923
1857
1853
1790
1857
1850
1917
1858
1850
1859
1917
2121
2122
2186
2056
2121
2120
2055
2057
2121
2056
2055
2121
2056
1991
2055
2449
2381
2380
2185
2248
2252
2185
2120
2180
2184
2185
2252
2184
2118
2119
2057
2055
1993
2054
2056
2120
2185
2119
2120
1990
1992
2054
1992
1991
2056
2186
2253
2249
2318
2311
2253
2304
2319
2254
2445
2450
2508
2378
2445
2444
2383
2450
2445
2254
2319
2318
2384
2450
2383
2451
2512
2450
2434
2451
2384
2434
2435
2499
2509
2563
2506
1852
1849
1916
1908
1921
1974
1647
1715
1714
1791
1725
1726
1857
1790
1858
1853
1786
1790
2312
2247
2246
2115
2116
2181
2178
2176
2114
2116
2117
2182
2050
2116
2115
2050
1987
2051
2317
2252
2314
2449
2382
2381
2316
2251
2317
2379
2316
2382
2447
2379
2448
2375
2313
2379
2250
2183
2251
2117
2118
2183
2119
2054
2120
2184
2119
2185
2118
2053
2119
2183
2118
2184
2053
1990
2054
2117
2053
2118
2117
2052
2053
2052
1989
1988
1989
1922
1974
1988
1989
1974
2051
1987
1989
2049
1986
2050
1920
1922
1987
1854
1788
1856
1851
1854
1918
1856
1855
1922
1854
1856
1922
1788
1724
1789
2447
2441
2379
2511
2447
2448
2505
2441
2447
2504
2505
2564
2504
2442
2505
2376
2310
2375
2442
2376
2441
2505
2442
2441
2440
2376
2442
2440
2433
2376
2181
2179
2115
2183
2250
2182
2117
2183
2182
2184
2251
2183
2246
2179
2181
2182
2250
2181
2178
2241
2176
2179
2178
2114
2244
2245
2178
2309
2244
2247
2245
2310
2307
2376
2433
2372
1916
1982
1919
2502
2439
2500
2432
2374
2368
2373
2432
2368
2368
2308
2303
2368
2374
2308
2237
2303
2243
2500
2439
2438
2372
2433
2437
2436
2372
2437
2371
2310
2372
2177
2113
2172
2375
2441
2376
2113
2048
2109
2045
2109
2048
1982
2045
1985
1981
1984
2045
